-33
0.8690156
-60.00006
359.9915
-7.626598E-05
-2.794899E-07
-33
0.869014
-60.00006
359.9916
-7.62593E-05
-3.738045E-07
-33
0.8690124
-60.00006
359.9918
-7.624596E-05
-4.414369E-07
-33
0.8690094
-60.00006
359.9921
-7.626595E-05
-7.451106E-07
-33
0.8690068
-60.00006
359.9923
-7.62993E-05
-7.260966E-07
-33
0.8690057
-60.00006
359.9924
-7.631264E-05
-7.720243E-07
-33
0.8690047
-60.00006
359.9925
-7.633935E-05
-4.135691E-07
-33
0.8689835
-59.9995
359.989
-7.539222E-05
6.727365E-08
-33
0.8689929
-59.99891
359.9875
0.0001640791
-1.009149E-05
-33
0.8689929
-59.99891
359.9875
0.0001640791
-1.009149E-05
-33.00011
0.8689531
-59.99637
359.9765
0.009737844
0.0003826047
-33.00009
0.8689094
-59.99511
359.9708
0.008137766
0.0004901105
-33.00006
0.868879
-59.99161
359.9595
0.006777846
0.000178593
-33.00006
0.868879
-59.99161
359.9595
0.006777846
0.000178593
-32.99998
0.8688125
-59.98367
359.9384
0.001937133
0.000271613
-33.00003
0.8687785
-59.98008
359.9296
0.006387935
0.000151457
-33.00008
0.8687412
-59.97615
359.9214
0.01021055
7.553949E-05
-33.00014
0.8686732
-59.9664
359.9026
0.01524334
-0.0003089258
-33.00023
0.8686656
-59.95449
359.8874
0.02237689
4.669884E-05
-33.00021
0.8686246
-59.94756
359.8783
0.02238622
0.0003234128
-33.00023
0.8686366
-59.94039
359.8741
0.02374747
0.0003530431
-33.00014
0.8686627
-59.92417
359.8669
0.01888875
0.0002441601
-33.00008
0.8685732
-59.90577
359.8589
0.01409105
-0.0004240823
-33.00008
0.8685732
-59.90577
359.8589
0.01409105
-0.0004240823
-33.00006
0.8684173
-59.88451
359.8476
0.01212081
-0.0004342013
-33.00014
0.8684253
-59.86173
359.8511
0.01949184
-0.0001455066
-33.00009
0.8684311
-59.83746
359.8613
0.01734797
0.0004078535
-33.00009
0.8684311
-59.83746
359.8613
0.01734797
0.0004078535
-33.00002
0.8682657
-59.79678
359.87
0.01333691
-0.0001767023
-33.00009
0.8681532
-59.78178
359.8684
0.01908847
-0.0002991965
-33.00019
0.8681083
-59.76666
359.8723
0.02722918
-8.603463E-05
-33.00019
0.8678948
-59.73425
359.8716
0.0295063
0.0001177206
-33.00016
0.8678827
-59.70004
359.8815
0.02886574
7.506162E-05
-33.00014
0.867824
-59.68203
359.8836
0.02854934
5.203951E-05
-33.00008
0.8677185
-59.66334
359.883
0.02446409
-5.654153E-05
-33.00006
0.86761
-59.62471
359.8879
0.02384972
-0.0002237103
-33.00016
0.8674566
-59.58387
359.89
0.03290838
8.340208E-05
-33.00016
0.8674566
-59.58387
359.89
0.03290838
8.340208E-05
-33.00026
0.8673553
-59.54072
359.8924
0.04368683
0.0006355187
-33.00103
0.8672719
-59.49544
359.8947
0.02920959
359.9665
-33.0031
0.8672605
-59.44855
359.9017
359.9652
359.8983
-33.00451
0.8672347
-59.42427
359.9036
359.9212
359.872
-33.00888
0.8672152
-59.37467
359.9102
359.8064
359.801
-33.01175
0.8671916
-59.34921
359.9128
359.7222
359.7592
-33.01512
0.8672141
-59.32369
359.9192
359.6382
359.7292
-33.02356
0.8672339
-59.27197
359.933
359.4163
359.6577
-33.03444
0.8672535
-59.21947
359.9488
359.129
359.5869
-33.04092
0.8672498
-59.19313
359.9575
358.9613
359.5485
-33.04796
0.867227
-59.16658
359.9649
358.773
359.5176
-33.06414
0.867276
-59.11416
359.9892
358.3615
359.4692
-33.08223
0.8672197
-59.0614
0.006995153
357.9086
359.4666
-33.08223
0.8672197
-59.0614
0.006995153
357.9086
359.4666
-33.10135
0.867196
-59.00849
0.02361331
357.4163
359.5088
-33.12173
0.8670641
-58.95456
0.02783058
356.9121
359.5598
-33.13229
0.8670127
-58.9273
0.02836071
356.6566
359.5888
-33.1538
0.8670062
-58.87241
0.03112699
356.1228
359.6507
-33.17501
0.8669794
-58.81588
0.02486333
355.593
359.7526
-33.18524
0.8668696
-58.7863
0.01146854
355.3322
359.8133
-33.19516
0.8668431
-58.75648
0.001872274
355.0772
359.8737
-33.21395
0.8667628
-58.69409
359.9725
354.5941
0.001555499
-33.22298
0.8668532
-58.66246
359.9655
354.3639
0.0514061
-33.2315
0.8669428
-58.6301
359.9578
354.1339
0.104543
-33.25473
0.8669838
-58.52813
359.9214
353.5531
0.2478838
-33.26174
0.8670243
-58.49286
359.9118
353.3885
0.2879783
-33.26834
0.8671364
-58.45713
359.9075
353.2321
0.3178939
-33.28009
0.8671635
-58.38295
359.8898
352.9723
0.3829961
-33.29013
0.8673083
-58.30693
359.8863
352.7889
0.4303588
-33.29013
0.8673083
-58.30693
359.8863
352.7889
0.4303588
-33.29942
0.8673584
-58.22843
359.8826
352.6605
0.4254715
-33.30827
0.8674432
-58.14816
359.8866
352.5556
0.3796206
-33.31727
0.867386
-58.06535
359.8849
352.473
0.3119897
-33.322
0.8673959
-58.02338
359.8875
352.4492
0.2752439
-33.3318
0.8672945
-57.93716
359.8843
352.4063
0.2035614
-33.33675
0.8673184
-57.89358
359.888
352.3818
0.1703114
-33.34196
0.8673022
-57.84926
359.8888
352.3675
0.139416
-33.35271
0.8672874
-57.75926
359.8927
352.338
0.08639915
-33.36407
0.8673067
-57.66746
359.8993
352.3221
0.04591775
-33.36407
0.8673067
-57.66746
359.8993
352.3221
0.04591775
-33.37603
0.8672619
-57.57339
359.9013
352.3124
0.01681266
-33.38853
0.8672363
-57.47737
359.9038
352.3104
-0.002136768
-33.39486
0.8672317
-57.42861
359.9052
352.3041
359.9914
-33.40778
0.8672764
-57.32986
359.9115
352.2894
359.9829
-33.42116
0.8673087
-57.22933
359.9176
352.2831
359.9792
-33.42799
0.8673016
-57.1783
359.9191
352.2804
359.9787
-33.43492
0.8672909
-57.12676
359.92
352.2781
359.9789
-33.44904
0.8672622
-57.02212
359.9202
352.2744
359.9806
-33.46348
0.8672375
-56.9154
359.9191
352.2715
359.9834
-33.46348
0.8672375
-56.9154
359.9191
352.2715
359.9834
-33.47825
0.8672203
-56.80657
359.9169
352.2692
359.9865
-33.49332
0.8672097
-56.6956
359.9142
352.2675
359.9896
-33.5087
0.8672106
-56.58251
359.9114
352.2661
359.9924
-33.51649
0.8672166
-56.52518
359.9103
352.2655
359.9936
-33.53229
0.8672324
-56.40896
359.9087
352.2645
-0.004314972
-33.5403
0.8672403
-56.35007
359.908
352.2641
-0.003455533
-33.54838
0.8672476
-56.29066
359.9074
352.2637
-0.002711032
-33.56474
0.8672588
-56.17027
359.9065
352.2631
-0.001537567
-33.5814
0.86726
-56.04775
359.9053
352.2625
-0.0007257327
-33.58984
0.8672444
-55.98561
359.9036
352.2623
-0.000431544
-33.5984
0.8671776
-55.92267
359.8983
352.2621
-0.0002009118
-33.61707
0.867225
-55.79614
359.9002
352.2352
359.9373
-33.63905
0.8672155
-55.66808
359.9012
352.1359
359.797
-33.63905
0.8672155
-55.66808
359.9012
352.1359
359.797
-33.67971
0.8673211
-55.47553
359.9205
351.8184
359.5388
-33.6945
0.8672879
-55.41061
359.9235
351.6806
359.5073
-33.72326
0.86721
-55.27904
359.9255
351.4078
359.5813
-33.73738
0.8671819
-55.21241
359.9256
351.2702
359.64
-33.76411
0.8671517
-55.07734
359.925
351.0407
359.8251
-33.77687
0.8671419
-55.00888
359.924
350.9455
359.916
-33.78924
0.8671438
-54.93991
359.9237
350.8542
-0.004554272
-33.81345
0.8671315
-54.80018
359.9207
350.7039
0.1101633
-33.83721
0.8671325
-54.65826
359.9176
350.5823
0.1693334
-33.84906
0.8671303
-54.58646
359.9155
350.5331
0.1820469
-33.86082
0.867143
-54.5142
359.9145
350.483
0.1860781
-33.88454
0.8671601
-54.36804
359.9116
350.4015
0.1750797
-33.90854
0.8671771
-54.21982
359.9091
350.3344
0.1487121
-33.92073
0.8671842
-54.14494
359.9079
350.3075
0.1327417
-33.93297
0.8671924
-54.06954
359.9069
350.2791
0.1161084
-33.9579
0.867206
-53.91723
359.9052
350.2332
0.08332615
-33.98338
0.8672167
-53.76289
359.9041
350.1951
0.05392467
-33.98338
0.8672167
-53.76289
359.9041
350.1951
0.05392467
-34.00942
0.8672247
-53.60655
359.9035
350.1634
0.02962559
-34.03604
0.8672298
-53.4482
359.9033
350.1368
0.01090544
-34.06322
0.8672317
-53.28785
359.9034
350.1146
-0.002535657
-34.06322
0.8672317
-53.28785
359.9034
350.1146
-0.002535657
-34.09093
0.8672307
-53.12548
359.9037
350.0958
359.9886
-34.11916
0.8672277
-52.96111
359.9042
350.0799
359.9834
-34.14788
0.8672237
-52.79472
359.9047
350.0665
359.981
-34.14788
0.8672237
-52.79472
359.9047
350.0665
359.981
-34.17858
0.8672289
-52.62673
359.9063
350.0229
359.9117
-34.21316
0.8672575
-52.45791
359.9122
349.9086
359.754
-34.25291
0.8673001
-52.28917
359.9245
349.6917
359.5359
-34.25291
0.8673001
-52.28917
359.9245
349.6917
359.5359
-34.29586
0.867254
-52.1195
359.9327
349.4034
359.4284
-34.33935
0.8671776
-51.94786
359.9347
349.0995
359.4828
-34.38124
0.8671312
-51.77377
359.9337
348.8303
359.6714
-34.38124
0.8671312
-51.77377
359.9337
348.8303
359.6714
-34.42139
0.867111
-51.59723
359.9312
348.6042
359.8762
-34.46042
0.8671048
-51.41832
359.9276
348.4145
0.03218528
-34.49885
0.8671086
-51.23714
359.9232
348.2545
0.1271286
-34.51797
0.8671137
-51.14571
359.9208
348.1839
0.1541833
-34.53708
0.8671209
-51.05373
359.9184
348.1189
0.1699938
-34.57542
0.8671392
-50.86812
359.9135
348.0036
0.1754605
-34.61411
0.8671603
-50.68035
359.9088
347.9053
0.1576251
-34.63364
0.867171
-50.58565
359.9066
347.8617
0.1436213
-34.65332
0.8671814
-50.49042
359.9045
347.8213
0.1277686
-34.67317
0.8671911
-50.39465
359.9026
347.7839
0.1109728
-34.71341
0.8672085
-50.2015
359.899
347.7172
0.07729771
-34.7544
0.8672218
-50.00618
359.8959
347.6599
0.04658625
-34.79607
0.86914
-49.8092
359.9352
347.6129
0.01246495
-34.79607
0.86914
-49.8092
359.9352
347.6129
0.01246495
-34.83889
0.8692027
-49.60843
359.9132
347.5685
359.9915
-34.88285
0.8690748
-49.40469
359.8893
347.5401
359.9783
-34.92655
0.8693343
-49.20138
359.9077
347.4823
359.9709
-34.94858
0.868951
-49.09813
359.8943
347.4339
359.9686
-34.9715
0.8688121
-48.99479
359.8916
347.4453
359.9662
-35.01633
0.8687685
-48.78693
359.9005
347.3604
359.963
-35.06268
0.8690075
-48.57849
359.9287
347.3608
359.9619
-35.08595
0.8687917
-48.47407
359.9334
347.3602
359.9627
-35.13425
0.8677735
-48.2583
359.8777
347.3674
359.966
-35.13425
0.8677735
-48.2583
359.8777
347.3674
359.966
-35.18311
0.8678022
-48.0401
359.8604
347.3691
359.9714
-35.23252
0.867921
-47.81924
359.8506
347.364
359.9769
-35.28271
0.8680135
-47.59549
359.8427
347.3661
359.982
-35.28271
0.8680135
-47.59549
359.8427
347.3661
359.982
-35.33345
0.8681514
-47.36926
359.8425
347.3665
359.9866
-35.3848
0.8681395
-47.14029
359.84
347.3661
359.9904
-35.43674
0.8682426
-46.90887
359.8457
347.3684
359.9933
-35.4626
0.8686173
-46.79368
359.8717
347.3701
-0.005367435
-35.48923
0.8681793
-46.67503
359.8483
347.3722
-0.004243854
-35.51548
0.8684913
-46.55811
359.8691
347.3741
-0.003213259
-35.56894
0.8684306
-46.3195
359.8666
347.3712
-0.001622151
-35.62303
0.8684773
-46.07869
359.8719
347.3801
-0.0004330894
-35.67771
0.8684093
-45.83468
359.8695
347.3801
0.0004932656
-35.67771
0.8684093
-45.83468
359.8695
347.3801
0.0004932656
-35.73294
0.8684198
-45.58808
359.871
347.3791
0.001064722
-35.78887
0.8683832
-45.3384
359.8684
347.3793
0.001315187
-35.84531
0.8684294
-45.08634
359.8717
347.3779
0.001327263
-35.87408
0.8680387
-44.95784
359.848
347.3779
0.00126801
-35.9025
0.8683681
-44.83096
359.867
347.3779
0.001184255
-35.96019
0.8684336
-44.57332
359.8709
347.3774
0.0009713175
-36.01865
0.8683642
-44.31224
359.8653
347.3772
0.0007407032
-36.04821
0.8681657
-44.18026
359.8539
347.3773
0.0006315527
-36.0774
0.8685273
-44.04992
359.8791
347.3775
0.0005357283
-36.13692
0.8684056
-43.78413
359.8759
347.3776
0.0003761698
-36.16661
0.8684756
-43.6515
359.8874
347.3769
0.0003102548
-36.22631
0.868264
-43.38443
359.8941
347.369
0.0002004587
-36.28614
0.8683615
-43.11735
359.922
347.3693
-0.0004532858
-36.31606
0.8685941
-42.98447
359.9497
347.3812
-0.0005892328
-36.34641
0.8681691
-42.84888
359.9357
347.3789
-0.0005890049
-36.40651
0.8684402
-42.581
359.9752
347.3866
-0.000384857
-36.46599
0.8683351
-42.31269
-0.000195587
347.3398
-0.0007032008
-36.49535
0.8687308
-42.18101
0.04446674
347.3288
-0.001375311
-36.52517
0.868288
-42.04686
0.03902749
347.3098
-0.002083524
-36.58588
0.8678386
-41.77725
0.02770978
347.3271
-0.003695852
-36.61517
0.8682514
-41.6445
0.05964551
347.2891
-0.004183893
-36.6759
0.8679468
-41.37815
0.06786245
347.3577
-0.005711312
-36.73521
0.868152
-41.11079
0.08287589
347.3027
-0.004641233
-36.73521
0.868152
-41.11079
0.08287589
347.3027
-0.004641233
-36.79576
0.8677003
-40.84333
0.06610204
347.3372
-0.004627847
-36.85517
0.8680103
-40.57636
0.07831403
347.2937
-0.003339261
-36.91382
0.8682106
-40.31018
0.09120014
347.373
0.09526651
-36.94109
0.8682998
-40.17762
0.1024813
347.4071
0.1993909
-36.96774
0.8678185
-40.04227
0.07351847
347.4781
0.3296006
-37.01566
0.8682627
-39.77559
0.1005394
347.7503
0.6295249
-37.05869
0.8680191
-39.50793
0.0975651
348.1086
0.7909626
-37.0792
0.8678532
-39.37286
0.08510265
348.2676
0.7753493
-37.09928
0.8681369
-39.23951
0.1005081
348.4271
0.710559
-37.14228
0.8679198
-38.971
0.08338442
348.7747
0.4395221
-37.16368
0.8683458
-38.83889
0.10852
348.8854
0.2928497
-37.20983
0.8678216
-38.57135
0.07822094
349.1461
0.04661376
-37.25728
0.8684326
-38.30703
0.1081839
349.3777
359.8949
-37.28186
0.8679864
-38.17303
0.08130247
349.4828
359.8503
-37.30635
0.8681709
-38.04076
0.08873009
349.5825
359.8246
-37.35582
0.8681517
-37.77408
0.07458612
349.738
359.8129
-37.38133
0.8682189
-37.64161
0.0760641
349.8699
359.8205
-37.43042
0.8686682
-37.37851
0.105051
350.0037
359.8542
-37.47992
0.8681195
-37.11362
0.08063455
350.1465
359.8964
-37.47992
0.8681195
-37.11362
0.08063455
350.1465
359.8964
-37.52887
0.8678528
-36.84645
0.04944007
350.2389
359.9403
-37.5767
0.8685617
-36.58428
0.09232067
350.3401
359.979
-37.62456
0.8679171
-36.31734
0.05087022
350.4142
0.009150515
-37.64802
0.868324
-36.18592
0.07169821
350.5038
0.05808535
-37.66979
0.8685444
-36.05495
0.09079923
350.5315
0.1216898
-37.71021
0.8680428
-35.78808
0.06183432
350.6928
0.3778886
-37.74446
0.8681316
-35.52346
0.07537252
351.0194
0.6831248
-37.75857
0.8684427
-35.39221
0.1010509
351.2309
0.8339905
-37.77933
0.8685314
-35.13097
0.1431857
351.6906
1.126547
-37.78642
0.8684032
-35.00049
0.156602
351.9282
1.219346
-37.79263
0.8681365
-34.86969
0.1581286
352.2476
1.280995
-37.80189
0.8679219
-34.60896
0.1682656
352.8208
1.177421
-37.81291
0.8674542
-34.34552
0.1324805
353.5196
0.8854508
-37.81291
0.8674542
-34.34552
0.1324805
353.5196
0.8854508
-37.83451
0.8680392
-33.95374
0.1378991
354.4394
0.2496542
-37.83451
0.8680392
-33.95374
0.1378991
354.4394
0.2496542
-37.85254
0.8679515
-33.694
0.1290276
354.8748
359.9134
-37.87299
0.8679177
-33.43366
0.1123115
355.2401
359.7343
-37.89526
0.8681936
-33.17406
0.1105388
355.5899
359.6764
-37.90682
0.8677042
-33.04178
0.06959177
355.7458
359.6781
-37.91824
0.8679482
-32.91117
0.06814484
355.8902
359.6964
-37.92941
0.8684356
-32.78259
0.09127636
356.0193
359.7239
-37.95127
0.8683772
-32.52181
0.07655556
356.2181
359.7935
-37.97311
0.8682691
-32.26241
0.07088413
356.4459
359.8677
-37.99445
0.8680592
-32.00039
0.04430676
356.6685
359.9391
-38.00404
0.8685048
-31.87161
0.06870012
356.7292
359.9714
-38.01376
0.8683155
-31.74119
0.05890096
356.8061
-0.001149372
-38.02317
0.8686451
-31.61306
0.08384349
356.8853
0.02323524
-38.0415
0.8683603
-31.35297
0.07100581
357.0362
0.06181435
-38.05862
0.8680995
-31.09037
0.04265959
357.1464
0.08956359
-38.07448
0.868376
-30.83278
0.07146353
357.2377
0.1050536
-38.08277
0.8684492
-30.70408
0.08233987
357.3311
0.1093507
-38.09002
0.8684607
-30.57563
0.09184077
357.3588
0.1127334
-38.09715
0.8678766
-30.44416
0.05727541
357.3792
0.1145089
-38.1116
0.8680388
-30.18428
0.0577395
357.4785
0.1133904
-38.12442
0.868395
-29.92482
0.07114161
357.4958
0.1095154
-38.13776
0.8718654
-29.66751
0.02300952
357.5497
0.161661
-38.14469
0.8751653
-29.53724
359.8984
357.6133
0.1623651
-38.15702
0.8846692
-29.28273
359.5925
357.6469
0.1831686
-38.15702
0.8846692
-29.28273
359.5925
357.6469
0.1831686
-38.16967
0.895837
-29.03011
359.121
357.7581
0.1673227
-38.18097
0.9076463
-28.7791
358.514
357.7809
0.1704184
-38.19172
0.9202245
-28.53208
357.8639
357.7995
0.1707511
-38.19738
0.9263889
-28.40784
357.5005
357.841
0.161806
-38.20752
0.938984
-28.16305
356.8004
357.8528
0.1591575
-38.20752
0.938984
-28.16305
356.8004
357.8528
0.1591575
-38.21819
0.9512479
-27.9188
356.0915
357.9288
0.144567
-38.22769
0.9628449
-27.67533
355.3891
357.9292
0.1414498
-38.23315
0.9712358
-27.55553
355.1594
357.974
0.1730355
-38.24218
0.9932848
-27.31289
354.9075
357.9423
0.2167245
-38.25121
1.01712
-27.07229
354.8417
357.9344
0.2266657
-38.25615
1.028279
-26.95016
354.8011
357.9616
0.2243381
-38.26079
1.039583
-26.82967
354.8044
357.9751
0.2219707
-38.2646
1.050446
-26.70876
354.8079
357.9262
0.2227641
-38.27201
1.071761
-26.47001
354.8761
357.96
0.2921622
-38.27579
1.091534
-26.23063
354.9212
358.0817
0.4786488
-38.2776
1.11098
-25.99222
354.9801
358.2419
0.5235363
-38.2776
1.11098
-25.99222
354.9801
358.2419
0.5235363
-38.27902
1.130784
-25.75702
355.0851
358.3547
0.417918
-38.28243
1.149602
-25.52197
355.1427
358.519
0.267127
-38.28411
1.159054
-25.40383
355.1595
358.5629
0.204344
-38.28827
1.178131
-25.16991
355.2064
358.6565
0.1094891
-38.29235
1.197524
-24.93912
355.2728
358.6898
0.05940301
-38.29478
1.206979
-24.82455
355.2959
358.7199
0.0442593
-38.30103
1.225938
-24.59513
355.3203
358.8646
0.02323562
-38.30103
1.225938
-24.59513
355.3203
358.8646
0.02323562
-38.3062
1.244406
-24.3666
355.3105
358.9101
0.02680989
-38.30874
1.254051
-24.25294
355.318
358.9288
0.03254586
-38.31416
1.272917
-24.02889
355.3363
358.9966
0.04310099
-38.31931
1.291486
-23.80347
355.3113
359.0478
0.05624213
-38.3236
1.310472
-23.57986
355.3076
359.0481
0.07290459
-38.32613
1.319814
-23.46736
355.2902
359.0804
0.07638773
-38.32986
1.338755
-23.24644
355.3013
359.0589
0.08872262
-38.33186
1.347987
-23.13611
355.2967
359.0617
0.09160124
-38.3341
1.357289
-23.02706
355.3053
359.0863
0.09149516
-38.33741
1.375653
-22.80833
355.3012
359.0511
0.09675115
-38.34216
1.393466
-22.59164
355.2878
359.1339
0.08941334
-38.34372
1.402408
-22.48158
355.2615
359.1142
0.09210315
-38.34764
1.420906
-22.26589
355.2732
359.1444
0.08932061
-38.34914
1.429988
-22.15918
355.2826
359.1273
0.09071448
-38.35257
1.447664
-21.94103
355.2324
359.1234
0.08941238
-38.3539
1.456777
-21.83144
355.2124
359.0927
0.09115423
-38.35606
1.465979
-21.72148
355.1932
359.1244
0.08698989
-38.35757
1.475289
-21.61157
355.1811
359.1074
0.08753862
-38.36141
1.493879
-21.39019
355.1488
359.1367
0.08393472
-38.36476
1.512645
-21.16799
355.1288
359.1302
0.08405207
-38.36684
1.522028
-21.05617
355.1171
359.1577
0.08113988
-38.37053
1.540897
-20.83212
355.105
359.1786
0.0785908
-38.37413
1.559803
-20.60624
355.0909
359.1935
0.07728121
-38.37545
1.569291
-20.49255
355.0835
359.1641
0.07992931
-38.37894
1.588441
-20.26431
355.0776
359.1724
0.07912257
-38.38108
1.598045
-20.14987
355.0779
359.2069
0.07611564
-38.38235
1.60763
-20.03485
355.0753
359.1755
0.07876061
-38.38445
1.617251
-19.91937
355.0727
359.2072
0.07583205
-38.38789
1.636656
-19.68806
355.0792
359.2138
0.07494606
-38.39118
1.656025
-19.45496
355.0777
359.2087
0.07464056
-38.39254
1.665811
-19.33802
355.0806
359.1852
0.07631075
-38.39589
1.6854
-19.10319
355.0847
359.1844
0.07574514
-38.39934
1.705119
-18.86649
355.0841
359.1908
0.07455348
-38.40136
1.715073
-18.74801
355.0894
359.2169
0.07202029
-38.40327
1.734926
-18.50949
355.0894
359.2366
0.1491605
-38.40281
1.744977
-18.3902
355.0967
359.254
0.2324252
-38.40221
1.75496
-18.27042
355.0988
359.3532
0.3200715
-38.39582
1.775006
-18.03087
355.1112
359.5729
0.5631345
-38.39058
1.785037
-17.91096
355.1186
359.6777
0.6349644
-38.38023
1.80507
-17.66934
355.1165
359.9683
0.587348
-38.37093
1.825267
-17.42765
355.1241
0.2279522
0.3569846
-38.36703
1.835584
-17.30816
355.1504
0.3442943
0.2274113
-38.36052
1.855722
-17.0652
355.1477
0.5429721
0.007776925
-38.35823
1.865815
-16.94409
355.1519
0.6612502
359.9243
-38.35358
1.886034
-16.70105
355.1541
0.8091204
359.8199
-38.35358
1.886034
-16.70105
355.1541
0.8091204
359.8199
-38.35077
1.906303
-16.46253
355.2019
1.01362
359.7679
-38.34847
1.916169
-16.34249
355.205
1.030226
359.7648
-38.34581
1.93628
-16.10447
355.2398
1.188006
359.7667
-38.34237
1.95573
-15.86531
355.2288
1.280088
359.7885
-38.34037
1.965769
-15.74699
355.243
1.305229
359.8031
-38.33693
1.98544
-15.50957
355.2425
1.408313
359.827
-38.3331
2.005334
-15.27743
355.2923
1.491489
359.8483
-38.3308
2.014955
-15.16237
355.3094
1.508362
359.8589
-38.3256
2.033984
-14.92874
355.2877
1.52237
359.8774
-38.3256
2.033984
-14.92874
355.2877
1.52237
359.8774
-38.32085
2.053241
-14.6957
355.2687
1.592176
359.8854
-38.31796
2.063149
-14.581
355.2841
1.591703
359.8906
-38.31292
2.082309
-14.35071
355.2764
1.665604
359.8911
-38.30725
2.101423
-14.12308
355.2839
1.704263
359.8913
-38.30468
2.111096
-14.01099
355.305
1.747246
359.8886
-38.2982
2.129732
-13.78866
355.3288
1.738555
359.8896
-38.29216
2.14811
-13.56285
355.2929
1.786993
359.8839
-38.28847
2.157495
-13.45107
355.2896
1.761697
359.8851
-38.28243
2.176279
-13.22789
355.2828
1.822597
359.8767
-38.28243
2.176279
-13.22789
355.2828
1.822597
359.8767
-38.27548
2.194789
-13.00539
355.2669
1.821917
359.873
-38.27272
2.204325
-12.89676
355.2932
1.872462
359.8669
-38.26578
2.222163
-12.67697
355.2681
1.87882
359.8635
-38.259
2.240855
-12.46068
355.2999
1.897504
359.8596
-38.25578
2.249597
-12.35125
355.2782
1.925875
359.8558
-38.24913
2.267735
-12.13798
355.3058
1.958961
359.8521
-38.24168
2.285437
-11.92084
355.268
1.949067
359.852
-38.23803
2.294649
-11.81526
355.2897
1.944643
359.8514
-38.23056
2.312381
-11.6
355.2627
1.936657
359.8492
-38.23056
2.312381
-11.6
355.2627
1.936657
359.8492
-38.22317
2.330015
-11.38768
355.2558
1.929641
359.8463
-38.21949
2.339045
-11.28204
355.2627
1.926521
359.8446
-38.21217
2.356474
-11.07165
355.2577
1.920907
359.8415
-38.20498
2.374338
-10.8643
355.2909
1.916095
359.8386
-38.20131
2.382646
-10.75854
355.2611
1.913943
359.8373
-38.19422
2.400331
-10.55314
355.2946
1.91011
359.8352
-38.18871
2.417318
-10.34592
355.2755
1.874483
359.7457
-38.18722
2.426077
-10.24547
355.3039
1.834529
359.6657
-38.18677
2.434214
-10.14229
355.2799
1.77089
359.5639
-38.18701
2.451476
-9.942682
355.3256
1.650278
359.522
-38.18694
2.458816
-9.843095
355.3103
1.577579
359.5547
-38.18581
2.474398
-9.64497
355.3021
1.451951
359.6722
-38.18483
2.482403
-9.54641
355.3017
1.396365
359.7347
-38.18223
2.498616
-9.350321
355.3033
1.297481
359.8434
-38.17897
2.514923
-9.155618
355.3047
1.212645
359.9206
-38.17717
2.523072
-9.058786
355.3047
1.174777
359.9473
-38.17332
2.539315
-8.866158
355.3031
1.106968
359.9803
-38.17132
2.547398
-8.770357
355.3016
1.076628
359.9886
-38.16929
2.555452
-8.674898
355.2998
1.048429
359.9925
-38.16724
2.563476
-8.579778
355.2976
1.022214
359.993
-38.16314
2.579424
-8.390553
355.2928
0.9751664
359.9869
-38.15911
2.595238
-8.202676
355.2878
0.9344661
359.9754
-38.15715
2.603095
-8.10924
355.2855
0.9162197
359.9688
-38.15332
2.618709
-7.92337
355.2813
0.8834506
359.9555
-38.15147
2.626467
-7.830936
355.2794
0.8687551
359.9493
-38.14791
2.641884
-7.64707
355.2764
0.8423549
359.9384
-38.14452
2.657174
-7.464538
355.2742
0.8194896
359.9298
-38.14289
2.664773
-7.373772
355.2735
0.8092307
359.9265
-38.13976
2.679878
-7.193243
355.2725
0.7907943
359.9217
-38.13976
2.679878
-7.193243
355.2725
0.7907943
359.9217
-38.13679
2.694862
-7.014049
355.2722
0.7748216
359.9189
-38.13536
2.70231
-6.924953
355.2722
0.7676551
359.9182
-38.1326
2.717117
-6.747766
355.2726
0.7547782
359.9179
-38.12995
2.73181
-6.571919
355.2731
0.7436277
359.9187
-38.12867
2.739114
-6.484498
355.2735
0.7386274
359.9193
-38.12617
2.753636
-6.310661
355.2742
0.7296494
359.9211
-38.12376
2.768047
-6.138165
355.275
0.721884
359.9232
-38.12258
2.77521
-6.052421
355.2753
0.7184053
359.9242
-38.12028
2.789455
-5.881937
355.2759
0.712166
359.9264
-38.12028
2.789455
-5.881937
355.2759
0.712166
359.9264
-38.11803
2.803588
-5.712795
355.2764
0.7067779
359.9284
-38.11692
2.810614
-5.628726
355.2766
0.7043671
359.9294
-38.11475
2.824581
-5.461595
355.2769
0.7000483
359.9312
-38.11262
2.838438
-5.295804
355.277
0.6963241
359.9328
-38.11157
2.845325
-5.21341
355.2771
0.6946599
359.9335
-38.10949
2.859015
-5.049627
355.2771
0.6916811
359.9348
-38.10745
2.872595
-4.887184
355.2771
0.6891155
359.9359
-38.10644
2.879343
-4.806463
355.277
0.6879696
359.9363
-38.10445
2.892755
-4.646025
355.2769
0.6859194
359.9371
-38.10445
2.892755
-4.646025
355.2769
0.6859194
359.9371
-38.10253
2.906057
-4.491787
355.3217
0.6841521
359.9378
-38.10075
2.918526
-4.347588
355.4076
0.6826059
359.9384
-38.09909
2.92989
-4.213799
355.511
0.6812638
359.9388
-38.09832
2.935139
-4.150907
355.5645
0.6806676
359.9389
-38.09687
2.944792
-4.033281
355.6684
0.6796154
359.9392
-38.09626
2.949166
-3.978522
355.7173
0.6806287
359.9434
-38.09504
2.956882
-3.876815
355.8116
0.6814924
359.943
-38.09448
2.960335
-3.829929
355.8566
0.681891
359.9431
-38.09345
2.966518
-3.744163
355.9412
0.6826122
359.9435
-38.09345
2.966518
-3.744163
355.9412
0.6826122
359.9435
-38.09256
2.971821
-3.669147
356.0171
0.6832299
359.9441
-38.0918
2.976308
-3.604948
356.0828
0.6837517
359.9447
-38.09146
2.978258
-3.576919
356.1116
0.6839786
359.9449
-38.09089
2.981583
-3.529017
356.1603
0.6843742
359.9454
-38.09065
2.982962
-3.509148
356.1804
0.6845452
359.9456
-38.09027
2.985172
-3.477571
356.2119
0.6848419
359.9459
-38.09002
2.9867
-3.456866
356.2318
0.6850868
359.9461
-38.08995
2.987212
-3.450588
356.2373
0.6851944
359.9462
-38.0899
2.987914
-3.446621
356.2514
0.6845407
359.9466
-38.0899
2.987914
-3.446621
356.2514
0.6845407
359.9466
-38.08991
2.987478
-3.447576
356.186
0.6845474
359.9467
-38.08992
2.987257
-3.448377
356.132
0.6846424
359.9468
-38.08995
2.987011
-3.450325
356.0022
0.6848725
359.9468
-38.08997
2.987065
-3.452461
355.8618
0.6851296
359.9467
-38.08998
2.987187
-3.453523
355.7928
0.6852618
359.9467
-38.09
2.987557
-3.455526
355.6632
0.6855252
359.9467
-38.09003
2.988011
-3.457278
355.5508
0.6857793
359.9468
-38.09004
2.988241
-3.458039
355.5023
0.6859009
359.9468
-38.09006
2.988666
-3.459312
355.4214
0.686131
359.947
-38.09006
2.988666
-3.459312
355.4214
0.686131
359.947
-38.09007
2.989011
-3.460255
355.3617
0.6863423
359.9471
-38.09008
2.989147
-3.46061
355.3393
0.6864409
359.9471
-38.09008
2.98934
-3.461111
355.3079
0.686625
359.9473
-38.09009
2.989435
-3.46137
355.2917
0.6867932
359.9474
-38.09009
2.98945
-3.461426
355.2882
0.6868721
359.9475
-38.09009
2.989428
-3.461421
355.2886
0.6870213
359.9475
-38.0901
2.989395
-3.461373
355.2917
0.6870924
359.9476
-38.0901
2.989297
-3.461213
355.3018
0.6872292
359.9476
-38.0901
2.989173
-3.461002
355.3152
0.6873611
359.9476
-38.0901
2.989173
-3.461002
355.3152
0.6873611
359.9476
-38.0901
2.988973
-3.460658
355.3369
0.6875541
359.9476
-38.0901
2.988973
-3.460658
355.3369
0.6875541
359.9476
-38.0901
2.988848
-3.460442
355.3506
0.6876822
359.9476
-38.0901
2.988792
-3.460345
355.3568
0.6877463
359.9476
-38.0901
2.988694
-3.460175
355.3676
0.6878757
359.9475
-38.0901
2.988618
-3.460042
355.376
0.6880071
359.9475
-38.0901
2.988564
-3.459947
355.3821
0.6881404
359.9474
-38.0901
2.988544
-3.459913
355.3844
0.6882078
359.9474
-38.0901
2.98853
-3.459887
355.3861
0.6882756
359.9474
-38.0901
2.988513
-3.459857
355.3882
0.688413
359.9474
-38.0901
2.98851
-3.459851
355.3886
0.6884821
359.9473
-38.0901
2.98851
-3.459852
355.3887
0.6885517
359.9473
-38.0901
2.988516
-3.459864
355.3882
0.6886921
359.9473
-38.09011
2.98853
-3.459888
355.3868
0.6888331
359.9473
-38.09011
2.988538
-3.459903
355.386
0.688904
359.9473
-38.09014
2.988607
-3.460346
355.39
0.6916198
359.9474
-38.08999
2.988563
-3.461679
355.3965
0.6811757
359.9478
-38.08994
2.988494
-3.462607
355.3993
0.6766653
359.9476
-38.08995
2.988399
-3.463516
355.4003
0.6764033
359.9472
-38.09005
2.988296
-3.464487
355.4007
0.6822472
359.9466
-38.09018
2.987974
-3.467437
355.3977
0.6898837
359.9467
-38.09018
2.987974
-3.467437
355.3977
0.6898837
359.9467
-38.09011
2.987788
-3.468973
355.3906
0.6843362
359.9471
-38.09013
2.98771
-3.469953
355.3825
0.6865768
359.9473
-38.09008
2.987677
-3.470115
355.3763
0.6836967
359.9475
-38.0901
2.987694
-3.470061
355.3655
0.6860518
359.947
-38.0901
2.987794
-3.469035
355.3534
0.6886584
359.9466
-38.09006
2.987886
-3.468183
355.3481
0.6875151
359.9466
-38.09003
2.988092
-3.465531
355.3357
0.6880179
359.9463
-38.09005
2.988204
-3.463403
355.3259
0.6921944
359.9462
-38.08993
2.988598
-3.458984
355.3191
0.6895828
359.9464
-38.08993
2.988598
-3.458984
355.3191
0.6895828
359.9464
-38.08992
2.989027
-3.453567
355.3147
0.6949901
359.9458
-38.08989
2.989265
-3.450403
355.3132
0.6959107
359.9456
-38.08976
2.989815
-3.443337
355.3139
0.6941037
359.9453
-38.0897
2.990366
-3.434927
355.3125
0.698217
359.9454
-38.08971
2.990723
-3.430604
355.3175
0.7037287
359.9453
-38.08952
2.99136
-3.420379
355.3169
0.7008613
359.9453
-38.08934
2.992178
-3.409207
355.3241
0.6976013
359.9451
-38.08934
2.992178
-3.409207
355.3241
0.6976013
359.9451
-38.08918
2.992997
-3.397078
355.3312
0.6974086
359.9452
-38.08913
2.993466
-3.390455
355.3351
0.7002689
359.9453
-38.08895
2.994448
-3.376359
355.3431
0.7014639
359.9453
-38.08857
2.995485
-3.361233
355.3515
0.6868739
359.9454
-38.08844
2.996033
-3.353099
355.3546
0.6841928
359.9454
-38.08835
2.997265
-3.33627
355.3668
0.6932891
359.9455
-38.08823
2.9979
-3.327555
355.3745
0.6926211
359.9474
-38.08809
2.999117
-3.309019
355.3875
0.6951353
359.9512
-38.08784
3.000316
-3.289155
355.402
0.6921492
359.9531
-38.08784
3.000316
-3.289155
355.402
0.6921492
359.9531
-38.0876
3.001619
-3.268153
355.4239
0.6918101
359.9546
-38.08744
3.002281
-3.257272
355.4363
0.6885394
359.9546
-38.08725
3.003676
-3.234078
355.4609
0.6939295
359.9563
-38.08706
3.005058
-3.209039
355.4813
0.7011306
359.9568
-38.0869
3.005815
-3.195884
355.4932
0.7019227
359.9571
-38.08644
3.007404
-3.168561
355.5198
0.6946759
359.9566
-38.08599
3.009229
-3.140623
355.5612
0.6868905
359.9556
-38.08575
3.01008
-3.125814
355.5764
0.6827691
359.9553
-38.08544
3.011875
-3.095603
355.6125
0.6864105
359.9557
-38.08544
3.011875
-3.095603
355.6125
0.6864105
359.9557
-38.08512
3.013805
-3.063996
355.6514
0.6920121
359.9559
-38.08495
3.01478
-3.047704
355.6704
0.6948758
359.9561
-38.08451
3.016825
-3.014038
355.71
0.6947836
359.9558
-38.08405
3.018929
-2.979027
355.7494
0.6933234
359.9546
-38.08382
3.020021
-2.960967
355.7693
0.6929528
359.9544
-38.08343
3.022255
-2.924008
355.8108
0.6978329
359.9547
-38.08283
3.024565
-2.88546
355.8505
0.6897454
359.9544
-38.08256
3.025758
-2.865674
355.8711
0.6872543
359.9539
-38.08202
3.028243
-2.825024
355.9142
0.6829827
359.9538
-38.08179
3.029461
-2.804022
355.9327
0.6842648
359.9537
-38.08121
3.032055
-2.760914
355.9738
0.6788818
359.9542
-38.08121
3.032055
-2.760914
355.9738
0.6788818
359.9542
-38.08075
3.034824
-2.716671
356.0218
0.6834875
359.9552
-38.08041
3.036298
-2.694362
356.0511
0.6785721
359.9554
-38.0799
3.039191
-2.648277
356.1024
0.6825158
359.9559
-38.07927
3.042098
-2.600628
356.15
0.6804709
359.9563
-38.07894
3.04362
-2.576281
356.1756
0.6777346
359.9557
-38.07828
3.046694
-2.526506
356.2258
0.6736262
359.9554
-38.07774
3.04988
-2.475589
356.2837
0.6741088
359.9601
-38.07733
3.051355
-2.44957
356.3156
0.6655729
359.9603
-38.07681
3.054172
-2.396229
356.3834
0.6696376
359.9625
-38.07681
3.054172
-2.396229
356.3834
0.6696376
359.9625
-38.07634
3.056954
-2.340816
356.458
0.6804249
359.9656
-38.076
3.058356
-2.312354
356.4984
0.6802649
359.9659
-38.07542
3.061224
-2.254332
356.5881
0.6884847
359.967
-38.0747
3.064181
-2.194705
356.6874
0.689184
359.9663
-38.07438
3.065692
-2.164197
356.7393
0.6929427
359.9667
-38.07357
3.068701
-2.101569
356.842
0.6907585
359.9657
-38.07268
3.071855
-2.037574
356.9536
0.6825135
359.9645
-38.07236
3.073459
-2.004993
357.0107
0.68818
359.9645
-38.07151
3.076736
-1.938581
357.1269
0.6852035
359.9642
-38.07151
3.076736
-1.938581
357.1269
0.6852035
359.9642
-38.07078
3.080128
-1.870792
357.2477
0.6918893
359.9644
-38.0703
3.081807
-1.836061
357.3051
0.6886969
359.9641
-38.06959
3.085274
-1.765536
357.4236
0.6989896
359.9643
-38.06866
3.088586
-1.693571
357.5543
0.6942564
359.9662
-38.06829
3.090042
-1.656627
357.6158
0.6957374
359.9718
-38.06744
3.092588
-1.581655
357.735
0.6973486
359.9746
-38.06652
3.094996
-1.504652
357.8552
0.6966654
359.9761
-38.06604
3.096238
-1.465679
357.92
0.6961671
359.9765
-38.06506
3.098691
-1.385792
358.0481
0.6949856
359.977
-38.06506
3.098691
-1.385792
358.0481
0.6949856
359.977
-38.06393
3.101242
-1.304138
358.1833
0.6842489
359.9762
-38.06336
3.102529
-1.262594
358.2518
0.6785744
359.9759
-38.06234
3.105119
-1.177843
358.3885
0.6764731
359.9759
-38.06127
3.10789
-1.091636
358.5352
0.6716454
359.9759
-38.06028
3.110686
-1.00338
358.6818
0.6743667
359.9765
-38.05968
3.112097
-0.9584731
358.7551
0.6693553
359.9763
-38.05864
3.114161
-0.8674541
358.8742
0.6671744
359.9806
-38.05803
3.115077
-0.821146
358.9272
0.6599069
359.9816
-38.05693
3.116829
-0.7268505
359.025
0.6559202
359.9835
-38.05693
3.116829
-0.7268505
359.025
0.6559202
359.9835
-38.05583
3.118728
-0.6310404
359.1269
0.6531949
359.9848
-38.05531
3.119719
-0.5825502
359.1789
0.6547921
359.9855
-38.05426
3.12157
-0.4837096
359.2767
0.6545116
359.9921
-38.05315
3.123019
-0.3822707
359.3826
0.6556435
359.9934
-38.0525
3.123721
-0.3307775
359.443
0.6504756
359.9933
-38.05123
3.125058
-0.226111
359.5759
0.6428535
359.993
-38.04993
3.126271
-0.1189587
359.7192
0.6350918
359.9924
-38.04934
3.126443
-0.06479394
359.7818
0.6339315
-0.005399721
-38.04821
3.126436
0.04501861
359.8994
0.6367445
-0.001985869
-38.04821
3.126436
0.04501861
359.8994
0.6367445
-0.001985869
-38.04702
3.12616
0.1570726
0.008786394
0.6374455
1.465264E-06
-38.0464
3.125996
0.213928
0.06246879
0.6376148
0.0006375422
-38.04518
3.124884
0.3302167
0.1774003
0.6379175
0.00545226
-38.04391
3.123518
0.4491187
0.3171264
0.637984
0.008159253
-38.04325
3.122796
0.5094255
0.3972219
0.6376743
0.008905252
-38.04196
3.12103
0.6321077
0.563333
0.635682
0.01644216
-38.04062
3.118218
0.7575483
0.70783
0.6369444
0.01672104
-38.03988
3.116726
0.8211802
0.781154
0.6333032
0.0163894
-38.03852
3.113619
0.950449
0.9279242
0.6375412
0.01671979
-38.03852
3.113619
0.950449
0.9279242
0.6375412
0.01671979
-38.03718
3.110319
1.082439
1.078096
0.6379645
0.02774564
-38.03642
3.108317
1.149566
1.161685
0.6359347
0.02689508
-38.03494
3.103968
1.286155
1.34757
0.6368972
0.02617241
-38.03341
3.09928
1.425819
1.556957
0.6375687
0.02542503
-38.03267
3.09684
1.496795
1.669388
0.6405156
0.02549563
-38.03108
3.091805
1.641032
1.906893
0.6407354
0.02475274
-38.02945
3.086605
1.788292
2.157773
0.640843
0.02409327
-38.02861
3.083645
1.863139
2.292751
0.6393188
0.02506574
-38.02699
3.076248
2.014985
2.542856
0.6390496
0.02971482
-38.02617
3.072262
2.092101
2.670275
0.6402175
0.03150308
-38.02531
3.068148
2.170022
2.799998
0.6387289
0.03244295
-38.02448
3.063938
2.248752
2.932232
0.6397894
0.03353576
-38.02274
3.055314
2.40864
3.203886
0.6392286
0.03460285
-38.02184
3.050926
2.489801
3.34291
0.6380439
0.03476589
-38.02006
3.041407
2.654326
3.603685
0.6376594
0.03733649
-38.01826
3.030596
2.821657
3.821998
0.6372831
0.04050145
-38.01735
3.025009
2.906465
3.923993
0.6373066
0.04153505
-38.01548
3.013649
3.078428
4.119218
0.636745
0.04272903
-38.01358
3.00216
3.253558
4.307417
0.6362287
0.04322678
-38.0126
2.996385
3.342321
4.400044
0.6359748
0.04330304
-38.01067
2.983916
3.521943
4.552887
0.6355054
0.04549806
-38.01067
2.983916
3.521943
4.552887
0.6355054
0.04549806
-38.00871
2.970055
3.70428
4.650953
0.6350361
0.04841619
-38.00771
2.96297
3.796616
4.692131
0.6348166
0.04933736
-38.00569
2.948631
3.983712
4.765388
0.6344047
0.05044535
-38.00364
2.933714
4.173971
4.817236
0.6340167
0.05255031
-38.00262
2.925777
4.270204
4.82555
0.6338309
0.05391955
-38.00052
2.909415
4.465081
4.82298
0.6334912
0.055648
-37.99838
2.892652
4.663321
4.805786
0.6331931
0.05647975
-37.9973
2.884169
4.763741
4.794418
0.6330583
0.05667508
-37.9951
2.868834
4.967013
4.803922
0.632853
0.0569127
-37.9951
2.868834
4.967013
4.803922
0.632853
0.0569127
-37.99283
2.851369
5.176008
4.751549
0.6327275
0.05676455
-37.99051
2.834183
5.385747
4.742749
0.6295882
0.05621707
-37.9893
2.824953
5.492496
4.719453
0.6251979
0.05566889
-37.98761
2.807073
5.705939
4.715139
0.6744985
0.05981535
-37.98581
2.797906
5.8143
4.707973
0.6272892
0.05646022
-37.98309
2.779229
6.034387
4.687515
0.6041293
0.05394239
-37.98108
2.760937
6.256507
4.701025
0.6343133
0.05524009
-37.97986
2.751047
6.370193
4.679949
0.6350635
0.05510692
-37.97741
2.732718
6.594735
4.72009
0.6340291
0.05503997
-37.97617
2.722544
6.71032
4.697456
0.6352706
0.05522118
-37.97495
2.713164
6.824702
4.713549
0.6366704
0.05545424
-37.97381
2.704245
6.937075
4.758846
0.6432698
0.0561482
-37.9718
2.684924
7.165775
4.786436
0.6804823
0.05988438
-37.96958
2.665694
7.39428
4.82272
0.703853
0.06321645
-37.96837
2.655776
7.509393
4.826435
0.7099004
0.06466233
-37.96481
2.636065
7.74107
4.832475
0.637946
0.05990414
-37.96236
2.616732
7.972466
4.854857
0.6499671
0.05988154
-37.96196
2.60692
8.088983
4.857737
0.7206652
0.06499775
-37.95888
2.587039
8.324028
4.848
0.6925739
0.06477945
-37.95776
2.576904
8.443319
4.831308
0.7131944
0.06682953
-37.95671
2.567439
8.561019
4.848054
0.7388101
0.06948867
-37.95484
2.557567
8.679532
4.849068
0.7028278
0.06727432
-37.95231
2.537526
8.918771
4.837938
0.7291113
0.06996626
-37.94946
2.517741
9.15658
4.850437
0.7325979
0.07060472
-37.94818
2.508088
9.275163
4.868633
0.7462927
0.07172352
-37.94532
2.487774
9.516231
4.857248
0.7562926
0.07269442
-37.94324
2.4774
9.637866
4.842213
0.7133406
0.06938755
-37.94048
2.45737
9.880857
4.847734
0.7342866
0.06945504
-37.93703
2.436668
10.12594
4.830792
0.7044436
0.06499259
-37.93599
2.426969
10.24694
4.856121
0.7398095
0.06677185
-37.93208
2.406278
10.49102
4.85498
0.6715
0.06015476
-37.93086
2.395648
10.61528
4.836794
0.6946007
0.06064187
-37.92992
2.385839
10.73744
4.859461
0.7369309
0.06325139
-37.92809
2.37586
10.85919
4.87914
0.71056
0.06093127
-37.92472
2.354248
11.10942
4.83423
0.6851102
0.05804639
-37.92343
2.344173
11.23356
4.846225
0.7007925
0.05876701
-37.91961
2.323256
11.48377
4.842156
0.6366746
0.05242819
-37.91699
2.30221
11.73433
4.840234
0.6605703
0.0523233
-37.91575
2.291936
11.85972
4.85076
0.6772879
0.05336117
-37.91251
2.270398
12.11415
4.828026
0.6528847
0.05112119
-37.90976
2.249876
12.36586
4.863622
0.6628938
0.05248199
-37.90841
2.238974
12.49333
4.853731
0.6701587
0.05364189
-37.90476
2.217569
12.74763
4.854314
0.6123704
0.05009688
-37.90376
2.206517
12.87705
4.83497
0.64679
0.05234778
-37.90055
2.18526
13.13446
4.841306
0.6227089
0.05102726
-37.90055
2.18526
13.13446
4.841306
0.6227089
0.05102726
-37.89818
2.164114
13.39204
4.861734
0.6611792
0.05393334
-37.89725
2.152809
13.52264
4.841012
0.7019977
0.0573535
-37.89378
2.131115
13.78395
4.840165
0.6616037
0.05669536
-37.89168
2.10943
14.04446
4.852807
0.7280481
0.06424809
-37.88965
2.098112
14.17656
4.836872
0.6897054
0.06272428
-37.88708
2.076347
14.44026
4.846666
0.7277797
0.06714734
-37.88519
2.065274
14.57223
4.847851
0.7015171
0.06574461
-37.88227
2.042608
14.83929
4.824536
0.7220807
0.06865747
-37.87906
2.021105
15.10333
4.865688
0.7195947
0.06869092
-37.87737
2.009876
15.2361
4.867523
0.712645
0.0678985
-37.87428
1.986853
15.50657
4.835059
0.728174
0.06868213
-37.87257
1.976135
15.63964
4.860455
0.7210738
0.06800885
-37.86897
1.953157
15.91126
4.839182
0.7003147
0.06569099
-37.86897
1.953157
15.91126
4.839182
0.7003147
0.06569099
-37.86601
1.931082
16.17976
4.872156
0.7263736
0.06690484
-37.86406
1.919061
16.31708
4.841976
0.7058266
0.06514838
-37.861
1.896672
16.58852
4.860325
0.7269853
0.06522579
-37.85775
1.873467
16.86275
4.844252
0.7350264
0.06532156
-37.8564
1.862456
16.99867
4.865428
0.7600561
0.0675455
-37.8531
1.839249
17.27429
4.854643
0.7701212
0.06988467
-37.8513
1.827271
17.41396
4.831319
0.7665718
0.07059675
-37.8477
1.804344
17.69147
4.838306
0.761196
0.07150461
-37.84399
1.781529
17.96688
4.865975
0.7466768
0.07068744
-37.8425
1.769498
18.1071
4.848224
0.7707534
0.07230406
-37.83856
1.746265
18.38715
4.851156
0.7463465
0.0700681
-37.83677
1.733923
18.52979
4.819628
0.7509297
0.06992482
-37.83311
1.711258
18.81036
4.85917
0.7485499
0.06876387
-37.83311
1.711258
18.81036
4.85917
0.7485499
0.06876387
-37.82896
1.687586
19.09269
4.863534
0.7108129
0.0645613
-37.82678
1.675271
19.23541
4.844163
0.6840103
0.06144894
-37.82308
1.652065
19.51824
4.873596
0.675525
0.05736608
-37.81961
1.62752
19.80504
4.843514
0.6827666
0.05454256
-37.81763
1.615447
19.94911
4.836213
0.6669506
0.05215076
-37.81425
1.591248
20.23797
4.824936
0.6753965
0.05114394
-37.81263
1.579458
20.38223
4.835685
0.6834695
0.05152963
-37.80908
1.55524
20.6721
4.836484
0.6753823
0.05077967
-37.8055
1.530967
20.96345
4.839179
0.6634136
0.05017827
-37.80346
1.518956
21.10866
4.850492
0.6363991
0.04822347
-37.80084
1.494539
21.39991
4.85954
0.6938711
0.05351396
-37.79903
1.481841
21.54769
4.83928
0.6868961
0.05401289
-37.79717
1.469877
21.69391
4.854139
0.6741357
0.05401208
-37.79575
1.457184
21.84237
4.83543
0.6975033
0.05672028
-37.79239
1.433249
22.13501
4.874432
0.7021528
0.05976353
-37.79045
1.420562
22.28309
4.862029
0.6870027
0.05981152
-37.78748
1.395645
22.57963
4.855853
0.7283054
0.06493116
-37.784
1.371
22.87594
4.866682
0.7350132
0.06784039
-37.78282
1.358382
23.02533
4.858421
0.7836261
0.07263411
-37.7788
1.333725
23.3238
4.870282
0.7591218
0.07350297
-37.7743
1.308527
23.6244
4.862008
0.7024729
0.06984974
-37.77247
1.295936
23.77457
4.86162
0.7074953
0.06951962
-37.76836
1.270223
24.07931
4.831001
0.6846235
0.06495458
-37.76699
1.257959
24.23008
4.848678
0.7236984
0.06638992
-37.76467
1.245529
24.38068
4.86323
0.6881956
0.06231014
-37.76276
1.232618
24.53266
4.855944
0.6860355
0.06091832
-37.75935
1.207136
24.83765
4.854977
0.7116449
0.06098298
-37.75751
1.193752
24.99254
4.824818
0.7156869
0.06087012
-37.75347
1.168637
25.299
4.847317
0.6931914
0.05913018
-37.74944
1.142562
25.60807
4.833919
0.6738404
0.05772071
-37.74786
1.129354
25.76415
4.818632
0.6976886
0.05913246
-37.74426
1.104269
26.07178
4.863298
0.7081745
0.0601542
-37.74046
1.077818
26.38336
4.847632
0.7068803
0.06034025
-37.73779
1.064838
26.53906
4.851581
0.646267
0.055545
-37.73452
1.038792
26.85126
4.858391
0.6821066
0.05639873
-37.73219
1.025818
27.0071
4.866886
0.64564
0.05282579
-37.73084
1.012808
27.16294
4.874873
0.6833352
0.0550059
-37.72886
0.9995363
27.31971
4.870209
0.6722786
0.05390564
-37.7258
0.9728588
27.63642
4.847879
0.7230783
0.05863814
-37.72096
0.9466442
27.95327
4.841933
0.6499197
0.03697462
-37.71958
0.9365486
28.10874
4.849828
0.7073061
0.009523533
-37.71605
0.918757
28.42468
4.58621
0.7293146
0.004464625
-37.71235
0.9050215
28.73723
4.14148
0.7351523
0.009931886
-37.71235
0.9050215
28.73723
4.14148
0.7351523
0.009931886
-37.70808
0.893568
29.04414
3.552874
0.6865813
0.0227253
-37.70647
0.8874285
29.20053
3.143413
0.7149409
0.018914
-37.70313
0.8774936
29.50625
2.36362
0.7464384
0.02097736
-37.70089
0.8718569
29.66208
1.893341
0.7179112
0.0274013
-37.69678
0.8620999
29.96833
1.022013
0.6897813
0.0314964
-37.69244
0.8547857
30.27705
0.2211923
0.654784
0.01924715
-37.69034
0.8556213
30.43391
359.9832
0.6431155
0.008632019
-37.68633
0.8606558
30.7476
359.7249
0.6275864
-0.0041569
-37.68472
0.863099
30.90555
359.6414
0.6470283
359.9923
-37.68115
0.8670669
31.22085
359.5541
0.6569414
359.9899
-37.67755
0.8695394
31.53675
359.5334
0.662663
359.9904
-37.67605
0.8704714
31.69374
359.5563
0.6865161
359.9916
-37.67229
0.8712789
32.00895
359.6109
0.6799793
359.9939
-37.67027
0.8709247
32.16813
359.6202
0.6667451
-0.005087189
-37.66809
0.8711288
32.32517
359.6739
0.6406161
-0.00461121
-37.66653
0.8708817
32.48304
359.7121
0.6613049
-0.003830695
-37.66229
0.8701617
32.79989
359.782
0.6169197
-0.004335206
-37.66061
0.8704304
32.95517
359.8629
0.6234684
-0.004828319
-37.65715
0.8691213
33.27165
359.9079
0.6326716
-0.005585855
-37.65331
0.8684435
33.58727
359.9661
0.6097856
-0.005643948
-37.65113
0.8685379
33.74411
0.01112364
0.5765634
359.994
-37.64819
0.8682131
34.0573
0.07080942
0.6152435
359.9933
-37.64674
0.8675821
34.2165
0.05697657
0.6377565
359.9933
-37.64294
0.8677415
34.53062
0.09826688
0.6100373
-0.004652127
-37.64005
0.8676075
34.84512
0.1108094
0.6527007
-0.00389836
-37.63806
0.8674588
35.00301
0.1045555
0.6328741
-0.002976222
-37.63474
0.8676121
35.31792
0.1080574
0.6435702
-0.001493038
-37.63386
0.8677154
35.47486
0.112031
0.7087442
-0.001014051
-37.63222
0.8676965
35.63214
0.1075018
0.7175108
0.0006277564
-37.62997
0.8679372
35.78812
0.1200679
0.6798723
0.002821438
-37.62682
0.867797
36.10085
0.1116569
0.7130797
0.005612087
-37.62504
0.8679175
36.25687
0.1143574
0.7158026
0.006885734
-37.6213
0.86766
36.57378
0.06719078
0.7159237
0.00872374
-37.61755
0.8681674
36.88471
0.09285843
0.7135528
0.0094378
-37.6158
0.8680345
37.04168
0.08033942
0.7240356
0.009365077
-37.61188
0.8683689
37.35243
0.09864511
0.7142584
0.008667509
-37.61019
0.8680117
37.50962
0.07513602
0.7317251
0.007971512
-37.60666
0.8680278
37.823
0.06211748
0.7572669
0.007419878
-37.60222
0.868101
38.13769
0.04608007
0.7175832
0.007552164
-37.6007
0.8685095
38.29284
0.06912629
0.7499216
0.006982158
-37.59628
0.8684585
38.605
0.0708214
0.7119413
0.006826514
-37.59459
0.8684932
38.76028
0.07890356
0.7327127
0.006266583
-37.5907
0.8682801
39.07351
0.06473917
0.7394689
0.005303429
-37.58857
0.8678619
39.23196
0.03393605
0.7310191
0.004951771
-37.58647
0.8681062
39.38875
0.04000438
0.7231701
0.004451842
-37.58484
0.8685652
39.54352
0.06919946
0.7487743
0.003807399
-37.58119
0.8682461
39.8573
0.05274414
0.7769861
0.003739331
-37.57888
0.8685461
40.0121
0.07578891
0.753502
0.004393428
-37.57407
0.8684112
40.32457
0.07335342
0.6953391
0.004542815
-37.57244
0.8684611
40.47956
0.08428659
0.7237517
0.003444802
-37.56878
0.8683733
40.79051
0.08869006
0.7492823
0.001358893
-37.56453
0.8680524
41.10238
0.07355338
0.7304945
0.0008343747
-37.56316
0.8679887
41.25864
0.06640514
0.7803307
0.000428558
-37.55849
0.8683345
41.5701
0.07764621
0.7318388
0.001794291
-37.55495
0.8682921
41.88105
0.07832175
0.7696055
0.001553523
-37.55281
0.868247
42.03634
0.07814071
0.760679
0.001716844
-37.5495
0.8682797
42.34812
0.07327253
0.8193041
0.002385646
-37.54702
0.8684636
42.5022
0.08946157
0.7845687
0.003558372
-37.5428
0.868032
42.81424
0.06309126
0.7791777
0.004550203
-37.54034
0.8680525
42.97011
0.05952943
0.7499517
0.004747768
-37.53793
0.8684424
43.12389
0.08418794
0.7223271
0.004345823
-37.53556
0.8688608
43.27554
0.1236278
0.6959431
0.00346527
-37.531
0.8693753
43.57229
0.2230546
0.6462232
0.0003626497
-37.52667
0.8694133
43.86007
0.3315867
0.6000353
-0.004245805
-37.52461
0.8693019
44.00051
0.3853701
0.5781543
359.9931
-37.52069
0.8689294
44.27436
0.4869779
0.5366746
359.9874
-37.51884
0.8687054
44.40775
0.533384
0.5170318
359.9846
-37.51538
0.8682508
44.66734
0.6150261
0.4798491
359.9795
-37.51221
0.8678471
44.91732
0.6801605
0.4453724
359.9752
-37.51075
0.8676784
45.0387
0.7063836
0.4291172
359.9734
-37.50804
0.8674194
45.27424
0.7466217
0.3985181
359.9709
-37.50679
0.8673301
45.3884
0.7610538
0.3841536
359.97
-37.5045
0.8672267
45.60954
0.7799281
0.3572418
359.9691
-37.50345
0.8672088
45.71653
0.7850216
0.3446737
359.969
-37.50153
0.8672289
45.92336
0.7882243
0.3212541
359.9695
-37.50153
0.8672289
45.92336
0.7882243
0.3212541
359.9695
-37.49983
0.8665154
46.12082
0.7691346
0.2997271
359.9707
-37.49905
0.8660694
46.21603
0.7583268
0.2897669
359.9715
-37.49766
0.8657359
46.39921
0.7489069
0.2717371
359.9731
-37.49645
0.8657889
46.57272
0.7467443
0.256053
359.9749
-37.49591
0.8658793
46.65584
0.7464907
0.2490236
359.976
-37.49494
0.8661022
46.8148
0.7459573
0.2364574
359.9783
-37.49451
0.8662158
46.89066
0.7454065
0.2308693
359.9795
-37.49373
0.8664246
47.03509
0.7436102
0.2209595
359.982
-37.49306
0.866596
47.16985
0.7411177
0.2125829
359.9845
-37.49276
0.8666669
47.23361
0.7397357
0.2089143
359.9857
-37.49222
0.8667814
47.35388
0.7369771
0.202513
359.9881
-37.49198
0.8668262
47.4104
0.7356863
0.1997415
359.9892
-37.49155
0.8668949
47.5162
0.7334387
0.1949653
359.9913
-37.49155
0.8668949
47.5162
0.7334387
0.1949653
359.9913
-37.49117
0.8669407
47.61234
0.731759
0.1910978
359.9931
-37.49101
0.8669567
47.65679
0.7311532
0.1894649
359.9939
-37.49071
0.8669777
47.73846
0.7303893
0.1867276
-0.004665355
-37.49058
0.8669837
47.77567
0.7302175
0.1855955
-0.004036193
-37.49035
0.8669894
47.84285
0.7302368
0.18374
-0.002952084
-37.49015
0.8669887
47.90038
0.7306426
0.1823511
-0.002083338
-37.49007
0.8669865
47.92551
0.7309511
0.1818043
-0.001721862
-37.48993
0.8669802
47.96853
0.7317057
0.1809566
-0.001130394
-37.48986
0.8666977
47.98842
0.7082931
0.1806407
-0.0008933448
-37.48974
0.8661398
48.02796
0.625562
0.1801696
-0.0005214222
-37.48962
0.8658522
48.06723
0.520265
0.1798517
-0.000263046
-37.48962
0.8658522
48.06723
0.520265
0.1798517
-0.000263046
-37.48944
0.8659787
48.126
0.3573681
0.1795626
-3.751622E-05
-37.48938
0.8661274
48.1456
0.3068578
0.1795001
6.280256E-06
-37.48926
0.866504
48.18486
0.2158318
0.1794082
6.089175E-05
-37.48926
0.866504
48.18486
0.2158318
0.1794082
6.089175E-05
-37.48914
0.8669091
48.22422
0.1403996
0.1793478
8.383666E-05
-37.48908
0.8671003
48.24394
0.1088914
0.179326
8.73129E-05
-37.48896
0.8674308
48.28349
0.05811494
0.1792941
8.379845E-05
-37.4889
0.8675639
48.30331
0.03855638
0.1792823
7.900246E-05
-37.48878
0.8677586
48.34302
0.009990388
0.1792652
6.546958E-05
-37.48866
0.8678609
48.38283
359.9937
0.1792539
4.961923E-05
-37.48859
0.8678807
48.40277
359.9893
0.1792496
4.234937E-05
-37.48847
0.8678688
48.44268
359.9867
0.1792436
2.912232E-05
-37.48841
0.8678416
48.46265
359.9878
0.1792414
2.356667E-05
-37.48829
0.867757
48.50262
359.9935
0.1792379
1.395673E-05
-37.48816
0.867647
48.5426
0.002267278
0.1792357
6.687938E-06
-37.4881
0.8675877
48.5626
0.007238051
0.1792349
4.080778E-06
-37.48798
0.8674677
48.60257
0.0175416
0.1792337
-4.740922E-07
-37.48792
0.8674101
48.62255
0.02260287
0.1792334
-2.264453E-06
-37.4878
0.8673042
48.66248
0.03204408
0.1792327
-2.85051E-06
-37.48774
0.8672572
48.68244
0.036284
0.1792324
-2.585579E-06
-37.48761
0.8671774
48.72232
0.04359586
0.1792321
-3.145425E-06
-37.48761
0.8671774
48.72232
0.04359586
0.1792321
-3.145425E-06
-37.48749
0.8671172
48.76218
0.04923429
0.1792316
-3.184495E-06
-37.48743
0.867094
48.78209
0.05142511
0.1792314
-2.409316E-06
-37.48731
0.8670611
48.82189
0.05463535
0.1792312
-1.633851E-06
-37.48725
0.8670508
48.84177
0.05570431
0.1792312
-1.952942E-06
-37.48713
0.8670399
48.88152
0.05692694
0.1792309
-8.311582E-07
-37.487
0.86704
48.92124
0.05715745
0.1792307
-5.857841E-07
-37.48694
0.8670433
48.94109
0.05698669
0.1792306
-1.775721E-07
-37.48682
0.8670536
48.98076
0.05622682
0.1792307
-3.388403E-07
-37.48676
0.8670604
49.00059
0.05569918
0.1792306
-6.025245E-08
-37.48664
0.8670756
49.04023
0.05447655
0.1792306
-1.816237E-07
-37.48652
0.8670912
49.07984
0.05317366
0.1792306
2.151436E-07
-37.48645
0.8670989
49.09964
0.05253332
0.1792306
-2.44436E-07
-37.48633
0.867113
49.13923
0.05133631
0.1792305
3.095347E-07
-37.48627
0.8671192
49.15901
0.05079842
0.1792304
6.437763E-07
-37.48615
0.86713
49.19857
0.04986267
0.1792303
1.179534E-06
-37.48615
0.86713
49.19857
0.04986267
0.1792303
1.179534E-06
-37.48603
0.8671386
49.2381
0.04913694
0.1792302
1.290028E-06
-37.48597
0.8671421
49.25786
0.04885007
0.1792302
7.579432E-07
-37.48584
0.8671474
49.29737
0.04841976
0.1792302
2.63326E-07
-37.48578
0.8671492
49.31712
0.0482712
0.17923
7.396265E-07
-37.48566
0.8671517
49.35659
0.04808507
0.1792301
7.586858E-07
-37.48554
0.8671528
49.39605
0.04801848
0.1792301
8.69648E-07
-37.48548
0.867153
49.41577
0.04802189
0.17923
1.155082E-06
-37.48536
0.8671527
49.4552
0.04807825
0.1792299
5.91197E-07
-37.48529
0.8671524
49.47491
0.04812435
0.17923
2.948006E-07
-37.48517
0.8671516
49.51431
0.04823706
0.1792301
-4.760138E-07
-37.48505
0.8671507
49.55368
0.04836001
0.1792302
-5.438419E-07
-37.48499
0.8671503
49.57336
0.04842148
0.1792302
-4.109934E-07
-37.48487
0.8671495
49.61271
0.04853247
0.1792302
-5.275509E-07
-37.48481
0.8671494
49.63237
0.04858199
0.1792302
-6.60191E-07
-37.48468
0.867149
49.67169
0.04866225
0.1792303
-8.681433E-07
-37.48468
0.867149
49.67169
0.04866225
0.1792303
-8.681433E-07
-37.48456
0.8671491
49.71098
0.04871689
0.1792303
-8.543602E-07
-37.4845
0.8671492
49.73062
0.04873225
0.1792302
-7.569857E-07
-37.48438
0.8671497
49.76988
0.04875104
0.1792303
-8.276407E-07
-37.48432
0.8671501
49.7895
0.04875274
0.1792302
-6.732577E-07
-37.4842
0.8671509
49.82873
0.0487425
0.1792304
-4.52434E-07
-37.48407
0.8671517
49.86794
0.04871518
0.1792305
-5.534562E-07
-37.48402
0.8674071
49.88569
0.07032289
0.1792308
-5.561986E-07
-37.48392
0.8679611
49.91465
0.147222
0.1792309
-9.83349E-07
-37.48386
0.8683571
49.93457
0.2467553
0.1792311
-1.040286E-06
-37.48384
0.8684793
49.941
0.2995452
0.1792312
-1.028148E-06
-37.48383
0.8688056
49.94662
0.4123691
0.1783987
0.0004659197
-37.48383
0.8685648
49.9471
0.4431316
0.1782484
0.0006089724
-37.48383
0.8679103
49.94727
0.4543075
0.1781814
0.0007563641
-37.48383
0.8676276
49.94709
0.4422349
0.178163
0.0007765444
-37.48383
0.8674123
49.94678
0.4219487
0.1781488
0.0007690132
-37.48383
0.8672073
49.9459
0.3647653
0.1781302
0.0006944031
-37.48383
0.8672108
49.94539
0.331097
0.1781248
0.000637227
-37.48383
0.8673846
49.9443
0.2598296
0.17812
0.000504043
-37.48383
0.8675326
49.94375
0.2241293
0.17812
0.0004355821
-37.48383
0.8677067
49.94322
0.1893751
0.1781212
0.0003685387
-37.48383
0.8680953
49.94223
0.1248648
0.1781264
0.0002470849
-37.48383
0.8682931
49.94179
0.09587531
0.1781301
0.0001941195
-37.48384
0.8686655
49.94102
0.04562316
0.1781386
0.0001078061
-37.48384
0.8689801
49.94041
0.006265298
0.1781477
4.533698E-05
-37.48384
0.8692206
49.93997
359.9776
0.1781566
4.790133E-06
-37.48384
0.8693115
49.93981
359.967
0.1781608
-8.101008E-06
-37.48384
0.8693832
49.93969
359.9588
0.1781647
-1.766969E-05
-37.48384
0.8694736
49.93953
359.9483
0.1781716
-2.794212E-05
-37.48384
0.8694953
49.93948
359.9456
0.1781745
-2.880903E-05
-37.48384
0.8694994
49.93946
359.9446
0.1781792
-2.727541E-05
-37.48384
0.8694636
49.93952
359.9478
0.1781825
-2.238098E-05
-37.48384
0.8694345
49.93956
359.9506
0.1781837
-2.054799E-05
-37.48384
0.8693622
49.93967
359.9574
0.1781853
-1.380902E-05
-37.48384
0.8693221
49.93972
359.9612
0.1781856
-1.028601E-05
-37.48384
0.8692808
49.93979
359.9651
0.1781859
-7.671865E-06
-37.48384
0.8691993
49.93991
359.9729
0.1781857
-4.646977E-06
-37.48384
0.8691607
49.93996
359.9766
0.1781855
-3.485362E-06
-37.48384
0.8691244
49.94002
359.98
0.1781851
-1.765868E-06
-37.48384
0.8690606
49.94011
359.9862
0.1781842
-5.150459E-07
-37.48384
0.8690336
49.94016
359.9888
0.1781837
1.852941E-07
-37.48384
0.8689898
49.94022
359.9931
0.1781826
1.324325E-06
-37.48384
0.8689595
49.94026
-0.003828209
0.1781816
9.109556E-07
-37.48384
0.8689491
49.94028
-0.002750725
0.1781811
1.045581E-06
-37.48384
0.8689362
49.9403
-0.001374414
0.1781802
1.374716E-06
-37.48384
0.8689326
49.94031
-0.0008723829
0.1781795
1.26321E-06
