-32.2
1.2
-84.9
0
0
0
-32.2
1.196076
-84.90001
4.26694E-06
9.688329E-07
2.169869E-07
-32.2
1.188208
-84.90001
4.26694E-06
9.688329E-07
2.169869E-07
-32.2
1.176374
-84.90001
4.26694E-06
9.688329E-07
2.169869E-07
-32.2
1.160553
-84.90001
4.26694E-06
9.688329E-07
2.169869E-07
-32.2
1.140726
-84.90001
4.26694E-06
9.688329E-07
2.169869E-07
-32.2
1.122936
-84.89931
0.08020894
9.687196E-07
-1.621143E-07
-32.2
1.107438
-84.89716
0.2044123
-3.396117E-05
1.387142E-05
-32.2
1.093636
-84.89434
0.3663009
-3.697886E-05
1.525397E-05
-32.2
1.081182
-84.89123
0.5455493
-2.323876E-05
1.264108E-05
-32.2
1.069927
-84.88808
0.7271163
5.285443E-06
4.09092E-06
-32.2
1.05977
-84.88509
0.9001812
4.545432E-05
-9.193768E-06
-32.2
1.05064
-84.88239
1.057164
9.292363E-05
-2.836777E-05
-32.2
1.042479
-84.88005
1.193024
0.0001429382
-4.981083E-05
-32.2
1.035232
-84.87814
1.304713
0.0001909382
-7.06803E-05
-32.2
1.028841
-84.87666
1.390755
0.0002330006
-9.027669E-05
-32.2
1.023244
-84.87563
1.450875
0.0002662504
-0.0001056235
-32.2
1.018372
-84.87503
1.485697
0.0002889441
-0.0001153121
-32.2
1.014155
-84.87485
1.496494
0.0003003757
-0.0001191202
-32.2
1.010518
-84.87505
1.484977
0.0003007838
-0.0001179911
-32.2
1.007385
-84.87559
1.45314
0.0002911977
-0.0001105333
-32.2
1.004682
-84.87644
1.403123
0.0002730696
-9.942274E-05
-32.2
1.002338
-84.87756
1.337121
0.0002482389
-8.397461E-05
-32.2
1.000282
-84.87892
1.257309
0.0002185977
-6.686299E-05
-32.2
0.9984535
-84.88049
1.165796
0.0001860622
-4.851918E-05
-32.2
0.996793
-84.88223
1.064572
0.0001523948
-2.948208E-05
-32.2
0.9952496
-84.88409
0.9555033
0.0001191285
-1.104264E-05
-32.2
0.9938663
-84.88603
0.8429372
8.762141E-05
5.964527E-06
-32.2
0.992708
-84.88795
0.7317215
5.920706E-05
2.094285E-05
-32.2
0.991783
-84.88979
0.6248584
3.479786E-05
3.383469E-05
-32.2
0.9910787
-84.89153
0.5243762
1.449637E-05
4.418372E-05
-32.2
0.9905698
-84.89314
0.431575
-1.95684E-06
5.158606E-05
-32.2
0.9902265
-84.8946
0.347223
-1.501882E-05
5.690203E-05
-32.2
0.990016
-84.89591
0.2716636
-2.524251E-05
5.862518E-05
-32.2
0.9899082
-84.89707
0.2049407
-3.314884E-05
5.965993E-05
-32.2
0.9898747
-84.89809
0.1468617
-3.922873E-05
5.844661E-05
-32.2
0.9898915
-84.89896
0.09706169
-4.390669E-05
5.625789E-05
-32.2
0.9899382
-84.89969
0.05505843
-4.752929E-05
5.253719E-05
-32.2
0.9899989
-84.9003
0.02027898
-5.037065E-05
4.890173E-05
-32.2
0.9900609
-84.90079
359.9921
-5.264023E-05
4.472419E-05
-32.2
0.9901155
-84.90117
359.9699
-5.4502E-05
4.020339E-05
-32.2
0.9901564
-84.90147
359.9529
-5.606554E-05
3.641888E-05
-32.2
0.99018
-84.90168
359.9406
-5.739798E-05
3.225761E-05
-32.2
0.9901848
-84.90182
359.9323
-5.855495E-05
2.779702E-05
-32.2
0.9901708
-84.90192
359.9275
-5.956078E-05
2.378975E-05
-32.2
0.9901391
-84.90195
359.9254
-6.043412E-05
1.99E-05
-32.2
0.9900914
-84.90195
359.9257
-6.118901E-05
1.663178E-05
-32.2
0.9900297
-84.90192
359.9278
-6.182709E-05
1.355967E-05
-32.2
0.9899569
-84.90185
359.9314
-6.235701E-05
1.086751E-05
-32.2
0.9898754
-84.90177
359.936
-6.278223E-05
8.674107E-06
-32.2
0.9897883
-84.90168
359.9413
-6.310776E-05
6.938163E-06
-32.2
0.9896982
-84.90157
359.9471
-6.334364E-05
5.687781E-06
-32.2
0.9896075
-84.90147
359.9531
-6.349605E-05
3.982411E-06
-32.2
0.9895183
-84.90137
359.9591
-6.357356E-05
2.163395E-06
-32.2
0.9894325
-84.90126
359.9649
-6.359317E-05
1.232606E-06
-32.2
0.9893516
-84.90117
359.9705
-6.355786E-05
3.092525E-07
-32.2
0.9892769
-84.90108
359.9756
-6.412462E-05
-5.412226E-07
-32.2
0.9892091
-84.90099
359.9803
-6.485486E-05
-1.453585E-06
-32.2
0.9891484
-84.90092
359.9846
-6.567026E-05
-2.044094E-06
-32.2
0.9890953
-84.90086
359.9883
-6.652244E-05
-2.013418E-06
-32.2
0.98905
-84.9008
359.9915
-6.738955E-05
-2.75977E-06
-32.2
0.9890123
-84.90075
359.9942
-6.823671E-05
-2.851784E-06
-32.2
0.9889816
-84.90071
-0.003549872
-6.905721E-05
-2.341361E-06
-32.2
0.9889576
-84.90068
-0.001780844
-6.982765E-05
-1.737728E-06
-32.2
0.9889398
-84.90065
-0.0004301681
-7.05347E-05
-1.360645E-06
-32.2
0.9889274
-84.90063
0.0005431384
-7.11767E-05
-6.294117E-07
-32.2
0.9889198
-84.90063
0.001180057
-7.174868E-05
-9.962522E-07
-32.2
0.9889164
-84.90062
0.001525838
-7.225061E-05
-1.327688E-06
-32.2
0.9889164
-84.90062
0.001624023
-7.267416E-05
-5.438098E-07
-32.2
0.9889195
-84.90062
0.001516448
-7.302767E-05
-8.795445E-07
-32.2
0.9889248
-84.90062
0.001244093
-7.331448E-05
-5.556655E-07
-32.2
0.9889319
-84.90063
0.0008436725
-7.353626E-05
-7.828199E-07
-32.2
0.9889401
-84.90063
0.0003484823
-7.370301E-05
-9.004801E-07
-32.2
0.9889491
-84.90065
-0.0002107414
-7.381474E-05
-9.891244E-07
-32.2
0.9889586
-84.90067
-0.000808385
-7.388476E-05
-8.053109E-07
-32.2
0.9889681
-84.90068
-0.001419689
-7.39131E-05
-8.874591E-07
-32.2
0.9889776
-84.90069
-0.002028432
-7.390977E-05
-5.756559E-07
-32.2
0.9889866
-84.9007
-0.002617538
-7.388142E-05
-5.302533E-07
-32.2
0.9889951
-84.90072
-0.003176762
-7.38364E-05
-1.446954E-07
-32.2
0.9890029
-84.90073
-0.003695859
-7.377138E-05
-9.246127E-08
-32.2
0.98901
-84.90074
-0.004170559
-7.369467E-05
-5.109561E-08
-32.2
0.9890164
-84.90074
-0.004593179
-7.36113E-05
-1.997793E-08
-32.2
0.9890219
-84.90075
-0.004964572
-7.352792E-05
8.072552E-08
-32.2
0.9890267
-84.90075
-0.005285592
-7.344121E-05
1.567999E-07
-32.2
0.9890307
-84.90075
-0.005555386
-7.335449E-05
1.540505E-07
-32.2
0.989034
-84.90075
359.9942
-7.327279E-05
1.260473E-07
-32.2
0.9890367
-84.90076
359.994
-7.319442E-05
1.534615E-07
-32.2
0.9890387
-84.90076
359.9939
-7.312438E-05
1.54794E-07
-32.2
0.98904
-84.90076
359.9938
-7.306101E-05
1.435958E-07
-32.2
0.9890411
-84.90076
359.9937
-7.300098E-05
3.899552E-08
-32.2
0.9890416
-84.90076
359.9937
-7.295261E-05
-1.163595E-08
-32.2
0.9890417
-84.90076
359.9937
-7.291259E-05
-6.186585E-08
-32.2
0.9890417
-84.90076
359.9937
-7.287757E-05
-5.791392E-08
-32.2
0.9890413
-84.90076
359.9937
-7.284922E-05
-1.212983E-07
-32.2
0.9890407
-84.90076
359.9938
-7.282921E-05
-1.851062E-07
-32.2
0.98904
-84.90076
359.9938
-7.28142E-05
-1.815938E-07
-32.2
0.9890392
-84.90076
359.9939
-7.280253E-05
-2.322798E-07
-32.2
0.9890384
-84.90076
359.994
-7.279588E-05
6.721189E-08
-32.2
0.9890375
-84.90076
359.994
-7.279422E-05
6.988412E-08
-32.2
0.9890367
-84.90076
359.994
-7.279588E-05
1.396744E-07
-32.2
0.9890356
-84.90076
359.9941
-7.279922E-05
1.955004E-07
-32.2
0.9890349
-84.90076
359.9942
-7.280256E-05
2.244386E-07
-32.2
0.9890342
-84.90076
359.9942
-7.280922E-05
2.394141E-07
-32.2
0.9890334
-84.90075
-0.005725288
-7.281923E-05
2.537672E-07
-32.2
0.9890327
-84.90075
-0.005682599
-7.282757E-05
2.547827E-07
-32.2
0.9890321
-84.90075
-0.005645887
-7.283923E-05
-9.500375E-08
-32.2
0.9890317
-84.90075
-0.005614297
-7.284589E-05
-1.750648E-07
-32.2
0.9890314
-84.90075
-0.00558783
-7.285256E-05
-2.555394E-07
-32.2
0.9890311
-84.90075
-0.005566485
-7.28609E-05
-5.357343E-08
-32.2
0.9890308
-84.90075
-0.005548556
-7.286757E-05
-1.342511E-07
-32.2
0.9890305
-84.90075
-0.005534897
-7.287425E-05
-1.613568E-07
-32.2
0.9890305
-84.90075
-0.005525504
-7.288091E-05
-1.211334E-07
-32.2
0.9890302
-84.90075
-0.005518675
-7.288759E-05
-1.379036E-08
-32.2
0.9890302
-84.90075
-0.00551526
-7.28926E-05
2.622835E-08
-32.2
0.9890302
-84.90075
-0.005514406
-7.289926E-05
6.604033E-08
-32.2
0.9890301
-84.90075
-0.00551526
-7.290261E-05
1.060617E-07
-32.2
0.9890302
-84.90075
-0.005516967
-7.290593E-05
6.520852E-08
-32.2
0.9890305
-84.90075
-0.005520381
-7.29076E-05
7.834253E-08
-32.2
0.9890304
-84.90075
-0.005524651
-7.290927E-05
1.590119E-07
-32.2
0.9890307
-84.90075
-0.005530627
-7.291095E-05
2.932517E-07
-32.2
0.9890305
-84.90075
-0.005536604
-7.291429E-05
3.466166E-07
-32.2
0.9890308
-84.90075
-0.00554258
-7.291428E-05
3.733007E-07
-32.2
0.9890309
-84.90075
-0.005548556
-7.291428E-05
4.539711E-07
-32.2
0.9890311
-84.90075
-0.005553679
-7.29126E-05
1.440228E-07
-32.2
0.9890311
-84.90075
-0.005560509
-7.291427E-05
1.838394E-07
-32.2
0.9890312
-84.90075
-0.005565632
-7.29126E-05
1.569538E-07
-32.2
0.9890313
-84.90075
-0.0055699
-7.291093E-05
4.919249E-08
-32.2
0.9890313
-84.90075
-0.00557417
-7.291093E-05
-4.790968E-09
-32.2
0.9890314
-84.90075
-0.005578438
-7.291093E-05
8.551961E-09
-32.2
0.9890314
-84.90075
-0.005581853
-7.290926E-05
-4.543212E-08
-32.2
0.9890316
-84.90075
-0.005584415
-7.290926E-05
-8.5868E-08
-32.2
0.9890316
-84.90075
-0.005586122
-7.290592E-05
-7.231843E-08
-32.2
0.9890316
-84.90075
-0.005588684
-7.290592E-05
-1.396432E-07
-32.2
0.9890316
-84.90075
-0.005590391
-7.290592E-05
-2.876351E-07
-32.2
0.9890317
-84.90075
-0.005590391
-7.290259E-05
-1.392254E-07
-32.2
0.9890317
-84.90075
-0.005591245
-7.290426E-05
-5.87666E-08
-32.2
0.9890317
-84.90075
-0.005591245
-7.290424E-05
-3.414123E-07
-32.2
0.9890317
-84.90075
-0.005591244
-7.290423E-05
-6.782527E-07
-32.2
0.9890317
-84.90075
-0.005591244
-7.290422E-05
-7.860166E-07
-32.2
0.9890317
-84.90075
-0.005591244
-7.290256E-05
-6.378152E-07
-32.2
0.9890316
-84.90075
-0.005590391
-7.290256E-05
-5.165032E-07
-32.2
0.9890316
-84.90075
-0.005590391
-7.29059E-05
-5.975866E-07
-32.2
0.9890317
-84.90075
-0.005589537
-7.290423E-05
-6.10719E-07
-32.2
0.9890317
-84.90075
-0.005588683
-7.290256E-05
-6.778375E-07
-32.2
0.9890316
-84.90075
-0.005588683
-7.290256E-05
-6.376084E-07
-32.2
0.9890316
-84.90075
-0.005587829
-7.290088E-05
-9.340119E-07
-32.2
0.9890316
-84.90075
-0.005586976
-7.290086E-05
-1.324839E-06
-32.2
0.9890316
-84.90075
-0.005586976
-7.290253E-05
-1.176638E-06
-32.2
0.9890316
-84.90075
-0.005586122
-7.290256E-05
-7.858114E-07
-32.2
0.9890316
-84.90075
-0.005586122
-7.290419E-05
-1.271062E-06
-32.2
0.9890316
-84.90075
-0.005586122
-7.290424E-05
-4.89617E-07
-32.2
0.9890316
-84.90075
-0.005586122
-7.290427E-05
1.298691E-07
-32.2
0.9890315
-84.90075
-0.005586122
-7.290427E-05
2.511816E-07
-32.2
0.9890315
-84.90075
-0.005585269
-7.290427E-05
8.963946E-08
-32.2
0.9890238
-84.90065
359.9936
-7.290926E-05
-5.467801E-08
-32.2
0.9890519
-84.9006
-0.005396584
-7.300764E-05
-2.225116E-07
-32.2
0.9889723
-84.89982
359.987
-7.316101E-05
-4.756712E-07
-32.2
0.9889551
-84.89915
359.9834
-7.736313E-05
-6.193496E-07
-32.2
0.9888709
-84.89778
359.9737
-0.0001075557
1.102335E-06
-32.19999
0.9888777
-84.89602
359.967
-0.001049383
2.917588E-05
-32.19992
0.9888572
-84.89376
359.9582
359.9937
6.911835E-05
-32.19998
0.9887995
-84.8906
359.945
-0.001972142
-5.981076E-05
-32.19998
0.9887797
-84.88688
359.9333
-0.002037666
-3.207254E-05
-32.19995
0.9886913
-84.88221
359.9168
-0.004064308
3.708565E-05
-32.19997
0.9886424
-84.87669
359.9012
-0.003179167
3.432994E-06
-32.19994
0.9885589
-84.86991
359.8818
-0.005593723
1.227539E-05
-32.2
0.9884992
-84.8621
359.863
-0.001176125
-9.243023E-05
-32.19991
0.988475
-84.85339
359.847
359.9925
9.807856E-05
-32.19987
0.9884193
-84.84312
359.8275
359.9892
-4.918208E-05
-32.19992
0.9884121
-84.83178
359.8117
359.9923
-0.0002439385
-32.19997
0.9883908
-84.81899
359.7951
-0.004157599
-0.0001790159
-32.19995
0.9883639
-84.80482
359.7791
-0.00563201
-3.146567E-06
-32.20001
0.988252
-84.78876
359.7578
-0.001114221
3.258978E-05
-32.19999
0.9882707
-84.77204
359.7483
-0.002677333
0.0001396157
-32.19992
0.9881952
-84.75355
359.7342
359.9926
9.916852E-05
-32.19999
0.988169
-84.73373
359.7246
-0.002591066
-1.634843E-05
-32.19997
0.9880908
-84.71219
359.7129
-0.004428877
3.352715E-06
-32.19992
0.988021
-84.68911
359.703
359.9915
-6.312026E-05
-32.19993
0.9879131
-84.66434
359.6918
359.992
-0.0001585797
-32.1999
0.9878595
-84.63824
359.6853
359.9892
-0.0001740849
-32.19985
0.9878215
-84.61069
359.6809
359.9851
-0.0002421171
-32.19984
0.9877621
-84.5816
359.6764
359.9834
-0.0003149536
-32.19993
0.9877304
-84.55109
359.6745
359.9891
-0.000295215
-32.19994
0.9876914
-84.51917
359.6735
359.9898
-0.0001688668
-32.19995
0.987668
-84.48573
359.6736
359.9906
-6.748763E-05
-32.19995
0.9876351
-84.45081
359.6738
359.9899
1.323175E-06
-32.19995
0.9875759
-84.41431
359.6728
359.9889
1.562365E-05
-32.19993
0.9875351
-84.3763
359.6725
359.9869
-1.913183E-06
-32.19994
0.9874741
-84.33658
359.6704
359.9867
-2.552286E-05
-32.19994
0.9874189
-84.29522
359.668
359.9859
-4.591859E-05
-32.19996
0.987363
-84.25213
359.6646
359.987
-3.569882E-05
-32.19997
0.9873066
-84.20728
359.6601
359.9868
-2.465117E-05
-32.20001
0.9872676
-84.16065
359.6556
359.9886
-4.004904E-06
-32.20001
0.9872353
-84.11217
359.6502
359.9884
3.434498E-05
-32.20003
0.9871914
-84.06162
359.6424
359.9889
5.943314E-05
-32.20003
0.9871691
-84.00914
359.6346
359.9879
6.88438E-05
-32.20004
0.9871211
-83.95425
359.6227
359.9879
6.047858E-05
-32.20005
0.9870963
-83.89728
359.611
359.988
5.481623E-05
-32.20006
0.9870759
-83.83797
359.5979
359.9878
4.655165E-05
-32.20007
0.9870662
-83.77631
359.5841
359.9879
3.85622E-05
-32.20009
0.9870632
-83.7122
359.5694
359.9878
3.099432E-05
-32.2001
0.9870684
-83.64558
359.5541
359.9878
2.401228E-05
-32.20012
0.9870795
-83.57639
359.5383
359.9878
1.726126E-05
-32.20013
0.9870952
-83.50452
359.522
359.9878
1.138558E-05
-32.20015
0.9871143
-83.42994
359.5053
359.9878
6.227841E-06
-32.20016
0.9871358
-83.35255
359.4883
359.9878
2.286267E-06
-32.20018
0.9871589
-83.27231
359.4711
359.9878
-1.1644E-06
-32.2002
0.9871835
-83.18912
359.4539
359.9878
-3.696208E-06
-32.20022
0.987211
-83.10296
359.4369
359.9878
-5.529466E-06
-32.20024
0.9872479
-83.01384
359.421
359.9877
-6.893178E-06
-32.20026
0.9873161
-82.92199
359.4085
359.9877
-7.856417E-06
-32.20028
0.9874496
-82.82793
359.4043
359.9877
-8.378073E-06
-32.20029
0.9876298
-82.73216
359.4096
359.9877
-8.784456E-06
-32.20031
0.9878041
-82.63479
359.422
359.9877
-9.954026E-06
-32.20034
0.9879446
-82.53582
359.439
359.9877
-9.598893E-06
-32.20036
0.9880391
-82.43526
359.4588
359.9877
-9.669186E-06
-32.20038
0.9893023
-82.33276
359.5031
359.9877
-1.026955E-05
-32.20041
0.9898179
-82.2288
359.5316
359.9877
-9.267993E-06
-32.20043
0.9899662
-82.12342
359.5538
359.9877
-8.923563E-06
-32.20045
0.9898752
-82.01634
359.5697
359.9877
-8.512923E-06
-32.20047
0.989751
-81.90795
359.5876
359.9877
-7.885305E-06
-32.2005
0.9894596
-81.79745
359.5958
359.9877
-6.830916E-06
-32.20052
0.989401
-81.68635
359.6186
359.9877
-5.973209E-06
-32.20054
0.9890125
-81.57249
359.6197
359.9877
-5.489655E-06
-32.20057
0.9889895
-81.45824
359.6406
359.9877
-3.788056E-06
-32.20059
0.9886407
-81.34122
359.6393
359.9877
-3.29527E-06
-32.20062
0.9886421
-81.22369
359.6562
359.9877
-2.93319E-06
-32.20065
0.9883385
-81.10338
359.6515
359.9877
-2.259462E-06
-32.20067
0.9884007
-80.98261
359.6662
359.9877
-2.092628E-06
-32.2007
0.9881508
-80.85907
359.6595
359.9877
-1.401916E-06
-32.20073
0.9882513
-80.73502
359.6717
359.9877
-1.792051E-06
-32.20075
0.9880428
-80.60822
359.6631
359.9877
-1.143376E-06
-32.20078
0.9881824
-80.48092
359.674
359.9877
-1.385441E-06
-32.20081
0.9880064
-80.35088
359.6644
359.9877
-1.371704E-06
-32.20083
0.9881648
-80.22033
359.6739
359.9877
-1.307743E-06
-32.20086
0.9880092
-80.08705
359.6636
359.9877
-9.944395E-07
-32.20089
0.9881815
-79.95325
359.6725
359.9877
-8.741174E-07
-32.20092
0.9880389
-79.81674
359.662
359.9877
-7.294807E-07
-32.20095
0.988214
-79.67969
359.6704
359.9877
-1.16992E-06
-32.20098
0.9880784
-79.53996
359.66
359.9877
-1.372969E-06
-32.20102
0.9882519
-79.39965
359.6682
359.9877
-1.715354E-06
-32.20105
0.9881195
-79.2567
359.658
359.9877
-2.181571E-06
-32.20108
0.9882872
-79.11315
359.6661
359.9877
-1.984465E-06
-32.20111
0.9881563
-78.96698
359.6563
359.9877
-2.240593E-06
-32.20114
0.9883163
-78.82018
359.6644
359.9877
-2.591026E-06
-32.20117
0.9881865
-78.67079
359.6551
359.9877
-1.993049E-06
-32.2012
0.9883373
-78.52074
359.663
359.9877
-1.063093E-06
-32.20123
0.9882094
-78.36814
359.6543
359.9877
-7.941024E-07
-32.20127
0.9883504
-78.21484
359.662
359.9877
-6.459074E-07
-32.2013
0.9882252
-78.05903
359.6538
359.9877
-1.054551E-06
-32.20134
0.9883565
-77.90247
359.6613
359.9877
-8.111648E-07
-32.20137
0.988236
-77.74345
359.6537
359.9877
-8.844664E-07
-32.2014
0.9883567
-77.58363
359.6609
359.9877
-4.870761E-07
-32.20144
0.9882429
-77.4214
359.6539
359.9877
-5.956435E-07
-32.20147
0.988353
-77.25832
359.6605
359.9877
-8.882763E-07
-32.20151
0.9882475
-77.0929
359.6542
359.9877
-1.362117E-06
-32.20154
0.9883459
-76.92654
359.6603
359.9877
-1.215811E-06
-32.20158
0.9882511
-76.75793
359.6547
359.9877
-4.336625E-07
-32.20161
0.9883367
-76.5883
359.66
359.9877
-1.785034E-07
-32.20165
0.9882553
-76.4165
359.6553
359.9877
-1.030726E-07
-32.20169
0.9883263
-76.24358
359.6598
359.9877
1.293105E-07
-32.20173
0.9882606
-76.0686
359.656
359.9877
1.957262E-07
-32.20177
0.9883151
-75.8924
359.6594
359.9877
2.267909E-07
-32.20181
0.9882672
-75.71426
359.6567
359.9877
-3.503204E-07
-32.20184
0.9883044
-75.53477
359.6591
359.9877
-5.454211E-07
-32.20188
0.9882743
-75.35346
359.6575
359.9877
-7.364412E-07
-32.20192
0.9882954
-75.17069
359.6589
359.9877
-1.181848E-07
-32.20196
0.9882801
-74.98621
359.6581
359.9877
-4.720944E-08
-32.202
0.9882895
-74.80018
359.6588
359.9877
-5.811009E-07
-32.20204
0.988283
-74.6125
359.6586
359.9877
-7.432188E-07
-32.20208
0.9882865
-74.42323
359.659
359.9877
-1.089611E-06
-32.20212
0.9882839
-74.23234
359.659
359.9877
-1.253745E-06
-32.20216
0.9882849
-74.03985
359.6592
359.9877
-4.147557E-07
-32.20221
0.9882835
-73.84574
359.6593
359.9877
-1.057107E-07
-32.20225
0.9882838
-73.65002
359.6595
359.9877
1.550306E-08
-32.20229
0.988283
-73.45271
359.6596
359.9877
3.390578E-07
-32.20233
0.9882827
-73.25378
359.6597
359.9877
2.445999E-07
-32.20237
0.9882823
-73.05324
359.6598
359.9877
4.890727E-07
-32.20242
0.9882818
-72.8511
359.6599
359.9877
5.203589E-07
-32.20246
0.9882817
-72.64735
359.6599
359.9877
3.658396E-07
-32.2025
0.9882816
-72.44199
359.66
359.9877
5.252801E-08
-32.20255
0.9882814
-72.23502
359.6601
359.9877
-2.601876E-07
-32.20259
0.9882814
-72.02645
359.6602
359.9877
-3.598599E-07
-32.20264
0.9882815
-71.81627
359.6602
359.9877
-7.621252E-09
-32.20269
0.9882815
-71.60448
359.6602
359.9877
-2.391314E-07
-32.20273
0.9882816
-71.39108
359.6603
359.9877
-4.444233E-07
-32.20278
0.9882817
-71.17608
359.6603
359.9877
-2.18046E-07
-32.20282
0.9882816
-70.95947
359.6604
359.9877
-3.433504E-07
-32.20287
0.9882819
-70.74126
359.6604
359.9877
-2.551458E-07
-32.20292
0.988282
-70.52144
359.6605
359.9877
-5.122686E-07
-32.20296
0.9882821
-70.30001
359.6605
359.9877
-1.850661E-07
-32.20301
0.9882822
-70.07698
359.6605
359.9877
2.165868E-09
-32.20306
0.9882823
-69.85234
359.6606
359.9877
1.080654E-08
-32.20311
0.9882824
-69.6261
359.6606
359.9877
6.031862E-09
-32.20316
0.9882826
-69.39825
359.6606
359.9877
4.197811E-07
-32.20321
0.9882822
-69.1688
359.6606
359.9877
2.563639E-07
-32.20326
0.9882749
-68.9377
359.6601
359.9877
-1.056813E-07
-32.20331
0.9882445
-68.70481
359.6575
359.9877
-4.379811E-07
-32.20336
0.9881573
-68.46979
359.6496
359.9877
-7.911227E-07
-32.20341
0.9879471
-68.23183
359.6292
359.9877
-1.365463E-06
-32.20346
0.988465
-67.99519
359.6565
359.9877
-1.602343E-06
-32.20351
0.988421
-67.75587
359.657
359.9877
-1.450119E-06
-32.20356
0.9890037
-67.51865
359.7045
359.9877
-1.096873E-06
-32.20361
0.9889717
-67.27966
359.7256
359.9877
-9.108871E-07
-32.20366
0.989513
-67.0436
359.7928
359.9877
3.250851E-07
-32.2037
0.9890444
-66.80444
359.8044
359.9878
1.704299E-06
-32.20409
0.9892569
-66.56773
359.8582
359.978
359.977
-32.20582
0.9888003
-66.32883
359.872
359.933
359.8798
-32.2088
0.9889683
-66.09232
359.9231
359.8682
359.771
-32.21299
0.9885789
-65.85429
359.9405
359.7514
359.6471
-32.21889
0.9887375
-65.61876
359.9909
359.5984
359.5115
-32.22721
0.9884543
-65.3826
0.01573996
359.4342
359.3631
-32.23734
0.9884396
-65.14812
0.05550549
359.2067
359.2167
-32.25033
0.988191
-64.9137
0.08001735
358.9619
359.0603
-32.26531
0.9880797
-64.68053
0.1099334
358.6422
358.9169
-32.28305
0.9880318
-64.4487
0.1429981
358.3417
358.8156
-32.30245
0.9878129
-64.21735
0.1631513
357.9492
358.7235
-32.3245
0.9877661
-63.98749
0.1903925
357.5777
358.6662
-32.34813
0.9875814
-63.75824
0.2060481
357.1161
358.6099
-32.37424
0.9875945
-63.53067
0.2305056
356.6813
358.59
-32.40186
0.9874663
-63.30384
0.2439872
356.159
358.5616
-32.43184
0.9875105
-63.07875
0.2652924
355.6671
358.5649
-32.46323
0.9874251
-62.85457
0.2769161
355.091
358.5538
-32.49696
0.9874794
-62.63214
0.2948804
354.5467
358.5662
-32.5321
0.9874024
-62.41066
0.3031625
353.9199
358.5596
-32.5696
0.9874578
-62.19095
0.3173918
353.3265
358.5724
-32.60853
0.9873852
-61.97222
0.3221299
352.6526
358.5643
-32.64984
0.9874464
-61.75531
0.3329863
352.0145
358.5743
-32.69266
0.9873673
-61.53933
0.3335928
351.2969
358.5614
-32.738
0.9874215
-61.32516
0.3401608
350.6143
358.5599
-32.78494
0.9873263
-61.11182
0.3355419
349.853
358.5388
-32.83461
0.9873559
-60.90016
0.3357672
349.128
358.5248
-32.88599
0.9872715
-60.6893
0.3265806
348.3274
358.4969
-32.94022
0.9872974
-60.47997
0.3212124
347.5707
358.4817
-32.99613
0.9872341
-60.27139
0.3078727
346.7408
358.4598
-33.0549
0.9872773
-60.06419
0.2983323
345.9649
358.4557
-33.11516
0.9871798
-59.85721
0.2768241
345.1221
358.4607
-33.17814
0.9872702
-59.65162
0.2637377
344.3406
358.479
-33.24236
0.9871517
-59.4456
0.2341124
343.504
358.5206
-33.30872
0.9872888
-59.24076
0.2166644
342.7193
358.5745
-33.37559
0.987529
-59.03691
0.2072661
341.912
358.6606
-33.44418
0.9877235
-58.83385
0.1981874
341.2091
358.7832
-33.51283
0.987801
-58.63076
0.1835
340.4639
358.9083
-33.5829
0.9878604
-58.42796
0.167426
339.828
359.0529
-33.65274
0.9879169
-58.22501
0.150948
339.1602
359.1893
-33.72401
0.9880043
-58.02258
0.1368733
338.606
359.3147
-33.79518
0.9880468
-57.81989
0.1208226
338.0239
359.4194
-33.86804
0.9880639
-57.61749
0.1032472
337.5445
359.4975
-33.94088
0.9881729
-57.41536
0.09251622
337.0363
359.5517
-34.01554
0.9881683
-57.21341
0.07611253
336.6187
359.5845
-34.09031
0.9884124
-57.01274
0.07848094
336.1949
359.5997
-34.16694
0.9883898
-56.81221
0.0686126
335.851
359.6033
-34.24387
0.9883666
-56.61169
0.05897955
335.4642
359.5968
-34.32282
0.9882782
-56.41144
0.04452791
335.158
359.5819
-34.40189
0.9886229
-56.21345
0.06115187
334.8597
359.5623
-34.48322
0.9881907
-56.01332
0.03046213
334.5784
359.5443
-34.56468
0.9884881
-55.81575
0.04309275
334.3101
359.5218
-34.64584
0.9918739
-55.61611
359.9447
334.178
359.2668
-34.72641
0.995481
-55.41642
359.8221
334.0065
359.0258
-34.805
1.00162
-55.21948
359.6788
333.8122
358.5854
-34.88598
1.005748
-55.02312
359.5102
333.6606
358.2777
-34.96777
1.008938
-54.82788
359.3581
333.5045
358.0812
-35.05097
1.011374
-54.63288
359.2196
333.4279
357.9954
-35.134
1.013362
-54.43808
359.1063
333.3368
357.9724
-35.21771
1.014911
-54.24344
359.0144
333.3357
358.0125
-35.30053
1.016125
-54.04896
358.9472
333.3253
358.0831
-35.38348
1.016917
-53.85439
358.8945
333.4069
358.1898
-35.46498
1.017517
-53.65996
358.865
333.4812
358.3026
-35.54622
1.017781
-53.46526
358.8443
333.6496
358.4331
-35.6255
1.017993
-53.27086
358.8457
333.8133
358.5576
-35.70398
1.017905
-53.07604
358.8493
334.0702
358.6994
-35.7801
1.017869
-52.88172
358.8731
334.3193
358.8187
-35.85514
1.017556
-52.68698
358.8932
334.6613
358.9495
-35.92759
1.017376
-52.49299
358.9314
334.9888
359.0455
-35.99867
1.016945
-52.29869
358.9616
335.4071
359.1567
-36.06702
1.016679
-52.10524
359.0064
335.8053
359.2293
-36.13384
1.0162
-51.91162
359.0406
336.2926
359.3181
-36.19787
1.015906
-51.71895
359.0862
336.7531
359.3658
-36.25869
1.018911
-51.52432
359.364
337.1506
359.4239
-36.31616
1.029044
-51.32498
359.8626
337.6182
359.1292
-36.36917
1.034996
-51.13076
0.1895585
338.0787
358.7735
-36.42234
1.034686
-50.93725
0.2156144
338.7224
358.5668
-36.47253
1.035631
-50.74603
0.2906427
339.3569
358.3802
-36.5209
1.038873
-50.55109
0.4038563
340.0356
358.1463
-36.56821
1.037529
-50.35986
0.389702
340.7152
358.063
-36.61462
1.036198
-50.16764
0.3527174
341.4538
358.026
-36.65906
1.035402
-49.97649
0.3302272
342.1682
357.9828
-36.70233
1.037364
-49.78293
0.3723611
342.9352
357.8399
-36.74515
1.035157
-49.59067
0.2845373
343.6672
357.8264
-36.78767
1.035759
-49.39861
0.3632889
344.4016
357.7694
-36.83144
1.03341
-49.20507
0.4154289
345.0831
357.8159
-36.87982
1.023421
-49.01364
0.4859968
345.7661
358.3441
-36.92697
1.016744
-48.8196
0.5823365
346.3741
358.6396
-36.9737
1.012582
-48.62589
0.7107163
346.9616
358.766
-37.01871
1.013064
-48.43348
0.956639
347.4941
358.6741
-37.06469
1.011683
-48.23825
1.078373
347.9921
358.5675
-37.11133
1.007868
-48.04641
1.106746
348.4748
358.5891
-37.15729
1.005275
-47.85179
1.111262
348.883
358.6079
-37.20171
1.004551
-47.65954
1.164209
349.2399
358.6288
-37.24641
1.004307
-47.46807
1.209874
349.6568
358.6413
-37.28812
1.006972
-47.27551
1.320838
349.9565
358.5661
-37.33081
1.005084
-47.08218
1.258176
350.2572
358.6242
-37.37115
1.007426
-46.8891
1.322368
350.5255
358.583
-37.41309
1.005194
-46.69532
1.218889
350.8168
358.6593
-37.45415
1.002903
-46.50351
1.116835
351.0804
358.8052
-37.49489
0.9998946
-46.31091
0.9724738
351.3295
358.9962
-37.53432
0.9971392
-46.12137
0.8507843
351.5433
359.2289
-37.57377
0.9931821
-45.929
0.6564076
351.748
359.4824
-37.61349
0.9852816
-45.74128
0.360804
351.9316
359.9299
-37.65153
0.9817977
-45.54897
0.1597852
352.0922
0.2358395
-37.68686
0.9816165
-45.35818
0.08114422
352.1942
0.4384767
-37.72119
0.9818677
-45.16443
0.0007383041
352.2915
0.5595164
-37.75446
0.9829689
-44.97116
359.964
352.4002
0.624424
-37.78629
0.9840605
-44.77711
359.9348
352.464
0.6494175
-37.81797
0.9850599
-44.58256
359.9115
352.5741
0.6474251
-37.84834
0.9859781
-44.38757
359.8966
352.6353
0.6291981
-37.8778
0.9871116
-44.19437
359.9146
352.6933
0.6004423
-37.90716
0.9873406
-43.99846
359.8914
352.7584
0.5648591
-37.93572
0.9879961
-43.80397
359.9032
352.8165
0.5281391
-37.96358
0.9884875
-43.60995
359.9206
352.8594
0.4903163
-37.99154
0.9885038
-43.41461
359.9171
352.9289
0.4530052
-38.01873
0.9887495
-43.22009
359.9328
352.9774
0.4182362
-38.0452
0.9889055
-43.02587
359.9513
352.9994
0.3852437
-38.07217
0.9888502
-42.83138
359.9613
353.0809
0.3542012
-38.09816
0.9886721
-42.63607
359.9632
353.1038
0.3261427
-38.12365
0.9889519
-42.44289
-0.002953185
353.1294
0.3003733
-38.14929
0.9883967
-42.24663
359.9786
353.1563
0.2760373
-38.17447
0.9884856
-42.0519
359.9941
353.1799
0.2541572
-38.19946
0.9887002
-41.85853
0.02313114
353.218
0.2336285
-38.22437
0.9882294
-41.66263
0.008314772
353.2408
0.2145126
-38.24884
0.9883606
-41.4684
0.02592313
353.2599
0.1974676
-38.27334
0.9882493
-41.27362
0.02957791
353.2878
0.1815758
-38.29704
0.9885027
-41.0807
0.05819413
353.2841
0.167193
-38.32104
0.9880899
-40.88557
0.04467496
353.2936
0.1536047
-38.34461
0.9883283
-40.69271
0.06848741
353.3
0.1411002
-38.36847
0.987819
-40.49696
0.04268602
353.3102
0.129212
-38.39188
0.9880229
-40.30308
0.0548262
353.3115
0.1183895
-38.41597
0.9879854
-40.10877
0.05366499
353.3674
0.108004
-38.43929
0.9878515
-39.91361
0.04305054
353.3651
0.09927179
-38.46229
0.9881516
-39.72019
0.06015069
353.3589
0.09131777
-38.48592
0.9880142
-39.52565
0.05235808
353.3974
0.08368735
-38.50895
0.9879591
-39.33089
0.04596548
353.393
0.07726985
-38.53198
0.9881777
-39.13736
0.05780926
353.4051
0.07126579
-38.55508
0.9879478
-38.94218
0.04160368
353.4126
0.0657037
-38.57775
0.9883143
-38.74931
0.06318135
353.4123
0.0607065
-38.60083
0.987926
-38.55378
0.03823479
353.423
0.0559285
-38.62366
0.9881259
-38.35981
0.04562093
353.4327
0.05168615
-38.64629
0.9883111
-38.16651
0.05742392
353.437
0.04776407
-38.66925
0.9880228
-37.97141
0.0389039
353.4531
0.04409545
-38.69209
0.9883512
-37.77856
0.05831088
353.4831
0.04099044
-38.71442
0.9882267
-37.58457
0.05337324
353.4674
0.03843411
-38.7374
0.9881991
-37.39083
0.05232254
353.5063
0.03591044
-38.75967
0.9880527
-37.19624
0.04136802
353.4885
0.03419655
-38.78205
0.9881828
-37.00253
0.04656208
353.4883
0.03238514
-38.80462
0.9883294
-36.8095
0.05677005
353.5111
0.03049177
-38.82653
0.9882044
-36.61561
0.0510841
353.4795
0.02894058
-38.84923
0.9880314
-36.42106
0.03804755
353.5034
0.0269219
-38.8717
0.9882859
-36.2281
0.0518769
353.5261
0.02524587
-38.89347
0.9882348
-36.03445
0.05016306
353.4907
0.02395079
-38.91603
0.9880757
-35.8401
0.03882284
353.5119
0.02221379
-38.93836
0.9883181
-35.64732
0.05296417
353.531
0.0207592
-38.96019
0.9881754
-35.45337
0.04526863
353.5035
0.01963117
-38.98264
0.988076
-35.25914
0.03655389
353.5222
0.01814964
-39.0049
0.9883633
-35.06662
0.05396276
353.5423
0.0169397
-39.02675
0.9881845
-34.87271
0.04485225
353.5205
0.01606821
-39.04898
0.9881715
-34.67909
0.0431026
353.5311
0.01498108
-39.07061
0.9885178
-34.48748
0.06834792
353.5154
0.01407334
-39.0926
0.988096
-34.29328
0.04643336
353.5044
0.01309165
-39.11416
0.9883476
-34.10123
0.06321304
353.4809
0.01181761
-39.13645
0.9882324
-33.90843
0.06001813
353.5059
0.01015554
-39.1578
0.9882014
-33.71572
0.06003254
353.4601
0.008907463
-39.17992
0.9880699
-33.5225
0.05147192
353.4676
0.007004515
-39.20171
0.988399
-33.33138
0.07372177
353.4684
0.005174269
-39.22385
0.9879056
-33.13718
0.0435935
353.4678
0.003509545
-39.24567
0.9881324
-32.9449
0.05274305
353.459
0.002051706
-39.26821
0.9880426
-32.75174
0.04398958
353.4969
0.000642381
-39.29015
0.9879551
-32.55796
0.03201449
353.4836
0.0001323802
-39.31184
0.988288
-32.36596
0.04848669
353.4666
-0.0002735724
-39.33432
0.9882351
-32.17323
0.04557549
353.5026
-0.000790045
-39.35615
0.9880967
-31.97973
0.03469039
353.483
-0.0006713268
-39.37813
0.9882253
-31.78708
0.0396879
353.4819
-0.0007233147
-39.40032
0.9884143
-31.59534
0.0531671
353.5052
-0.0008114682
-39.42204
0.988235
-31.40242
0.04497728
353.4815
-0.0005503815
-39.44437
0.9881201
-31.20925
0.03660158
353.5029
-0.0005997497
-39.46641
0.9882892
-31.01714
0.0462068
353.5114
-0.00030402
-39.48823
0.9881983
-30.82428
0.04126203
353.4972
0.0001893371
-39.51037
0.9883155
-30.63231
0.04955734
353.5151
0.0004675878
-39.53182
0.9882606
-30.43991
0.04864626
353.4773
0.0009780385
-39.55409
0.9880967
-30.24683
0.03804864
353.4961
0.0008526489
-39.57678
0.9891816
-30.05628
0.04845624
353.5294
0.05753259
-39.59941
0.9916398
-29.86403
359.9719
353.5019
0.1623779
-39.62191
0.9964685
-29.6742
359.8672
353.5049
0.221644
-39.64431
1.002636
-29.48576
359.7046
353.5234
0.2548432
-39.66577
1.009646
-29.29704
359.4662
353.461
0.2951916
-39.68743
1.017469
-29.10818
359.1683
353.4949
0.341305
-39.70829
1.026314
-28.92253
358.8734
353.5447
0.3853732
-39.72711
1.035208
-28.73622
358.519
353.5742
0.5033555
-39.74523
1.044349
-28.54962
358.1279
353.6966
0.6148207
-39.7608
1.053919
-28.36448
357.7402
353.8336
0.7671967
-39.77416
1.063375
-28.17879
357.3248
354.0157
0.9316831
-39.78524
1.07308
-27.99539
356.9329
354.2132
1.058161
-39.79429
1.082281
-27.81022
356.5013
354.4591
1.1828
-39.80149
1.091477
-27.62456
356.0671
354.7741
1.286599
-39.8063
1.100704
-27.43944
355.6497
355.067
1.344538
-39.81073
1.111413
-27.25361
355.2824
355.4332
1.425823
-39.81481
1.126037
-27.06409
355.0195
355.841
1.451473
-39.81709
1.143738
-26.87571
354.899
356.1926
1.408034
-39.81939
1.161923
-26.68433
354.797
356.5779
1.312537
-39.82127
1.180503
-26.49187
354.7357
356.9437
1.180868
-39.82391
1.198946
-26.298
354.6921
357.3517
1.021328
-39.82662
1.217188
-26.10271
354.6642
357.7311
0.8486984
-39.82961
1.235124
-25.90534
354.6393
358.0777
0.6718917
-39.83287
1.252879
-25.70588
354.6196
358.3971
0.5096099
-39.83623
1.270503
-25.50406
354.6017
358.6832
0.3709814
-39.83965
1.288106
-25.29998
354.5888
358.9407
0.2583984
-39.84316
1.305771
-25.09415
354.5866
359.1818
0.1701527
-39.84659
1.32344
-24.88638
354.5893
359.3998
0.1038942
-39.85005
1.34124
-24.67795
354.6113
359.6109
0.05552282
-39.85325
1.35887
-24.46719
354.6231
359.7978
0.02225047
-39.85627
1.376687
-24.25595
354.6532
359.9734
0.001277017
-39.85898
1.394356
-24.0424
354.6694
0.1314285
359.9893
-39.86148
1.412403
-23.83026
354.7247
0.2839043
359.9845
-39.86373
1.430025
-23.61548
354.7481
0.4289212
359.9829
-39.86525
1.447835
-23.4
354.7785
0.5366046
359.9875
-39.86715
1.465783
-23.18441
354.8186
0.6893493
359.9903
-39.86776
1.483784
-22.96927
354.8688
0.7637445
-0.0007362386
-39.86836
1.501568
-22.75283
354.9005
0.8579948
0.005695195
-39.86882
1.519388
-22.53525
354.923
0.9638264
0.01081305
-39.86848
1.537572
-22.31955
354.977
1.029329
0.0185017
-39.86806
1.55537
-22.10198
354.9977
1.112905
0.02246716
-39.86724
1.57363
-21.88769
355.0648
1.183147
0.02662103
-39.86605
1.591225
-21.6707
355.0775
1.250168
0.02839397
-39.86457
1.609356
-21.45709
355.1375
1.31282
0.03005509
-39.86274
1.626848
-21.24069
355.1413
1.373127
0.02964852
-39.86055
1.644925
-21.0277
355.1934
1.422329
0.02987212
-39.85799
1.66238
-20.8119
355.1889
1.468509
0.02828668
-39.85493
1.680395
-20.59894
355.2262
1.492027
0.02813272
-39.85214
1.698052
-20.38511
355.2361
1.556399
0.02268076
-39.8484
1.715855
-20.17242
355.2558
1.564715
0.02138984
-39.84534
1.733562
-19.96004
355.2693
1.64181
0.01292631
-39.84105
1.75124
-19.74814
355.28
1.641385
0.01077467
-39.83739
1.768867
-19.53638
355.2846
1.704513
0.002227123
-39.8326
1.786497
-19.32485
355.286
1.696876
-0.0003629141
-39.82831
1.804085
-19.11289
355.2772
1.743167
359.9915
-39.82358
1.821982
-18.90352
355.3011
1.764257
359.9855
-39.81864
1.839309
-18.69154
355.2747
1.787887
359.9785
-39.81335
1.857163
-18.4823
355.291
1.791512
359.9734
-39.80856
1.874684
-18.27255
355.2877
1.846215
359.9633
-39.8027
1.892227
-18.06333
355.2868
1.827879
359.9599
-39.79737
1.909672
-17.85371
355.2759
1.863036
359.9515
-39.79169
1.92739
-17.64671
355.2982
1.874202
359.9453
-39.78582
1.944516
-17.43713
355.2709
1.886104
359.9389
-39.77971
1.962142
-17.23016
355.2848
1.881547
359.9341
-39.77416
1.979456
-17.02278
355.2815
1.929125
359.9246
-39.76757
1.99677
-16.81586
355.2798
1.903096
359.922
-39.76157
2.013999
-16.60858
355.2693
1.929964
359.9147
-39.75533
2.031478
-16.40372
355.2895
1.93878
359.9092
-39.74893
2.048391
-16.1962
355.2606
1.948585
359.9037
-39.74231
2.065835
-15.99138
355.2752
1.940048
359.9002
-39.73632
2.082965
-15.78619
355.2734
1.985418
359.8919
-39.7293
2.100082
-15.58143
355.2724
1.956477
359.8907
-39.72291
2.117112
-15.37628
355.2627
1.981091
359.8848
-39.71625
2.134408
-15.17368
355.2853
1.982596
359.8812
-39.70946
2.151127
-14.96853
355.2593
1.985013
359.8775
-39.70252
2.168344
-14.76594
355.2742
1.972742
359.8753
-39.69622
2.185262
-14.56301
355.2731
2.013932
359.8685
-39.68893
2.202171
-14.3605
355.2726
1.980778
359.8686
-39.68228
2.219002
-14.15765
355.2638
2.000724
359.864
-39.67546
2.236081
-13.95716
355.2848
2.003547
359.8611
-39.66852
2.252603
-13.75401
355.2567
2.007206
359.8583
-39.66143
2.26966
-13.55354
355.272
1.993804
359.8571
-39.65503
2.286419
-13.35278
355.2719
2.036679
359.8511
-39.64766
2.303147
-13.15234
355.2709
2.006189
359.852
-39.64097
2.3198
-12.95149
355.261
2.030352
359.848
-39.63399
2.336704
-12.75288
355.2798
2.028643
359.8466
-39.62704
2.353103
-12.55192
355.2549
2.037232
359.8445
-39.62004
2.369968
-12.3533
355.2676
2.037065
359.8433
-39.61342
2.386497
-12.15354
355.2554
2.071201
359.8392
-39.60654
2.403214
-11.95488
355.259
2.084004
359.8375
-39.59944
2.419925
-11.7576
355.274
2.079114
359.8376
-39.59262
2.43625
-11.55867
355.2565
2.102238
359.8354
-39.586
2.452965
-11.36222
355.2752
2.135812
359.8326
-39.57867
2.469331
-11.16527
355.2734
2.119812
359.8343
-39.57224
2.485726
-10.96877
355.2746
2.17278
359.83
-39.56502
2.502034
-10.77197
355.2663
2.170727
359.831
-39.5581
2.518627
-10.57792
355.293
2.186041
359.8305
-39.55108
2.5346
-10.38119
355.2674
2.204806
359.8296
-39.54423
2.551074
-10.18689
355.2811
2.233143
359.8282
-39.5366
2.567279
-9.992339
355.2794
2.205579
359.8315
-39.52987
2.583477
-9.798005
355.2771
2.24994
359.8282
-39.52236
2.599614
-9.603315
355.2661
2.238711
359.83
-39.51515
2.616015
-9.410899
355.2849
2.247113
359.8296
-39.50774
2.631879
-9.215829
355.2557
2.250986
359.8293
-39.50037
2.648226
-9.022717
355.2613
2.255249
359.8289
-39.4927
2.6645
-8.830763
355.2741
2.234961
359.8303
-39.48558
2.680471
-8.637976
355.2658
2.261807
359.8272
-39.47783
2.696494
-8.445208
355.257
2.242864
359.8281
-39.47027
2.712681
-8.253899
355.2669
2.235512
359.8276
-39.46301
2.728628
-8.062076
355.2612
2.25479
359.8246
-39.45536
2.744656
-7.871066
355.2642
2.24278
359.8244
-39.44835
2.760693
-7.681331
355.2782
2.27703
359.8201
-39.44042
2.776545
-7.492191
355.2878
2.240668
359.8222
-39.43334
2.792274
-7.303385
355.2928
2.269739
359.8185
-39.42548
2.807909
-7.114571
355.2898
2.239776
359.82
-39.41859
2.823584
-6.926092
355.2882
2.283818
359.8149
-39.41097
2.839216
-6.737458
355.2799
2.273705
359.8151
-39.4038
2.854975
-6.54972
355.2822
2.296607
359.8125
-39.3957
2.870647
-6.362248
355.281
2.248784
359.8162
-39.38829
2.886245
-6.174486
355.272
2.25442
359.8148
-39.38055
2.90203
-5.9885
355.2847
2.23078
359.8158
-39.37315
2.917458
-5.801143
355.2688
2.236468
359.814
-39.36567
2.933266
-5.616687
355.2927
2.227306
359.8135
-39.35804
2.948467
-5.429556
355.2654
2.214402
359.8132
-39.35038
2.96417
-5.244913
355.2783
2.190295
359.8137
-39.34324
2.979555
-5.059443
355.2697
2.208295
359.8104
-39.33537
2.99506
-4.874946
355.2724
2.166668
359.8125
-39.32822
3.010437
-4.690208
355.2664
2.178703
359.8096
-39.32063
3.02592
-4.506676
355.2737
2.152326
359.8103
-39.31396
3.041266
-4.323438
355.277
2.194421
359.8051
-39.30649
3.056502
-4.140549
355.2787
2.171016
359.8089
-39.29982
3.071192
-3.957665
355.2877
2.203234
359.8142
-39.29231
3.085492
-3.775013
355.3098
2.173224
359.8193
-39.28565
3.099501
-3.592516
355.3447
2.204828
359.8212
-39.27822
3.113158
-3.410069
355.3911
2.174891
359.833
-39.27145
3.125936
-3.227467
355.4618
2.190663
359.8435
-39.26415
3.138054
-3.044471
355.5541
2.172213
359.8492
-39.2575
3.149778
-2.861428
355.6724
2.199536
359.8543
-39.25015
3.161152
-2.678219
355.8097
2.179738
359.8561
-39.24335
3.17178
-2.494915
355.9762
2.189873
359.8716
-39.23627
3.181808
-2.312766
356.1878
2.180412
359.8798
-39.22936
3.190831
-2.128948
356.3994
2.187859
359.8862
-39.22251
3.199947
-1.947356
356.6667
2.195055
359.8901
-39.21559
3.207665
-1.763423
356.922
2.199535
359.9003
-39.20873
3.215379
-1.581604
357.2376
2.204109
359.9069
-39.20173
3.221967
-1.397148
357.533
2.208411
359.9107
-39.19497
3.228751
-1.214669
357.8763
2.221458
359.9197
-39.18782
3.233806
-1.030506
358.1703
2.211751
359.9255
-39.18054
3.238819
-0.8486285
358.4902
2.187418
359.9281
-39.17366
3.243002
-0.665453
358.7794
2.194411
359.9355
-39.16664
3.246768
-0.4835544
359.0866
2.179058
359.9527
-39.15984
3.248328
-0.3001534
359.3323
2.185999
359.9681
-39.15314
3.24975
-0.119406
359.6032
2.195303
359.9774
-39.14641
3.249865
0.06420821
359.8213
2.207214
359.9898
-39.13996
3.250023
0.2461184
0.08719672
2.23318
0.006573494
-39.13282
3.248604
0.4281484
0.3340551
2.207341
0.0216196
-39.12648
3.24576
0.6101826
0.5591066
2.241949
0.03811224
-39.11929
3.242244
0.7924592
0.7770361
2.21968
0.04190917
-39.11305
3.238268
0.9747662
1.006426
2.25806
0.06560795
-39.10622
3.232783
1.157579
1.228555
2.256474
0.08243386
-39.09928
3.226296
1.339981
1.455185
2.250913
0.0918543
-39.09238
3.218878
1.523857
1.670354
2.255754
0.09850389
-39.08572
3.211634
1.706022
1.931953
2.269335
0.1125494
-39.07873
3.20309
1.890253
2.183216
2.27037
0.1186837
-39.07168
3.194931
2.07266
2.488595
2.264688
0.1206404
-39.06448
3.185561
2.258093
2.76632
2.258441
0.1206745
-39.05732
3.176023
2.441737
3.067805
2.24656
0.1274377
-39.0503
3.165033
2.627592
3.324623
2.253112
0.1335319
-39.0435
3.154564
2.811615
3.615434
2.272384
0.1385883
-39.0359
3.143537
2.996495
3.886412
2.236519
0.1360429
-39.02913
3.131105
3.181992
4.108254
2.258337
0.1504772
-39.02184
3.118105
3.367331
4.307866
2.244528
0.1553501
-39.01487
3.105432
3.550773
4.519532
2.250234
0.1593549
-39.00774
3.091625
3.737551
4.666828
2.255594
0.1611532
-39.00077
3.07819
3.922784
4.825851
2.261557
0.1737168
-38.9932
3.063873
4.106668
4.951415
2.21979
0.1774258
-38.98656
3.049044
4.290264
5.047202
2.251473
0.1841331
-38.9792
3.033936
4.474428
5.116077
2.22933
0.1843153
-38.97247
3.018015
4.659979
5.138411
2.256017
0.1954013
-38.96511
3.001637
4.8458
5.133633
2.23595
0.199313
-38.95776
2.985702
5.029984
5.141767
2.213928
0.200563
-38.95087
2.969166
5.215935
5.111094
2.233095
0.2028222
-38.94368
2.953077
5.401508
5.090287
2.22767
0.2025203
-38.93663
2.937333
5.586378
5.078772
2.232063
0.2022499
-38.92928
2.92088
5.774054
5.025546
2.221439
0.2006197
-38.92198
2.905282
5.960492
5.00672
2.211022
0.1986543
-38.91519
2.889882
6.146261
4.997563
2.237877
0.1992761
-38.9076
2.874244
6.332569
4.977509
2.203912
0.1957109
-38.90095
2.85861
6.519165
4.957047
2.243364
0.1974101
-38.89352
2.842881
6.706411
4.931986
2.224358
0.1953653
-38.88688
2.827252
6.893849
4.912281
2.267211
0.1980421
-38.87951
2.811458
7.082198
4.886228
2.256733
0.1973919
-38.87249
2.796259
7.268885
4.892368
2.268327
0.1985384
-38.86533
2.780047
7.458588
4.853154
2.279454
0.1997685
-38.85836
2.764666
7.646608
4.855243
2.301901
0.2022508
-38.85061
2.748953
7.835283
4.846841
2.265815
0.2002642
-38.84377
2.733192
8.024274
4.839252
2.302541
0.2036506
-38.83616
2.717259
8.21406
4.825983
2.28391
0.2028861
-38.82922
2.701584
8.403359
4.82787
2.315273
0.2058589
-38.82136
2.685806
8.592795
4.828875
2.278397
0.2035039
-38.81433
2.669893
8.782715
4.825855
2.306945
0.2059793
-38.80636
2.653975
8.972828
4.824511
2.264891
0.2028648
-38.79929
2.638038
9.163206
4.82386
2.293438
0.2048288
-38.79128
2.622097
9.353724
4.824831
2.250511
0.2011104
-38.78418
2.606151
9.544396
4.827028
2.277983
0.2025209
-38.77627
2.590085
9.735584
4.824648
2.244435
0.1991331
-38.76928
2.574013
9.92715
4.822491
2.282123
0.2011388
-38.76147
2.557877
10.11924
4.817956
2.258777
0.1986828
-38.75449
2.541724
10.31185
4.81318
2.300984
0.2014342
-38.74676
2.525424
10.50541
4.80195
2.288646
0.2004414
-38.73929
2.509854
10.69683
4.828773
2.290444
0.2006186
-38.73173
2.493144
10.89148
4.803246
2.295027
0.2010377
-38.72446
2.47734
11.08417
4.820944
2.317014
0.203027
-38.71661
2.460988
11.27823
4.815407
2.298981
0.2019362
-38.70941
2.444824
11.47211
4.819441
2.330289
0.2047319
-38.70132
2.428536
11.66646
4.819007
2.29673
0.2025876
-38.69418
2.412225
11.8612
4.818118
2.336445
0.2060078
-38.68626
2.395737
12.05688
4.809086
2.321633
0.2053906
-38.67868
2.379906
12.25067
4.833807
2.327578
0.2062761
-38.67099
2.362986
12.44764
4.807748
2.335037
0.2071777
-38.66358
2.34698
12.64268
4.824826
2.35927
0.2095731
-38.65537
2.330635
12.83828
4.829181
2.32507
0.2073403
-38.64801
2.314164
13.03445
4.828009
2.358636
0.2102362
-38.63985
2.297559
13.23144
4.820154
2.334541
0.2087173
-38.63237
2.281235
13.42798
4.826254
2.36256
0.2110511
-38.62397
2.264803
13.62478
4.829167
2.320723
0.207876
-38.61678
2.24831
13.82192
4.830155
2.341653
0.1886336
-38.60966
2.231797
14.01931
4.831244
2.274414
0.1141939
-38.60433
2.215302
14.21684
4.834235
2.255941
0.03075753
-38.59967
2.198691
14.41488
4.832851
2.151383
359.9094
-38.59698
2.182328
14.61228
4.844912
2.067084
359.7908
-38.5951
2.165824
14.80981
4.852463
1.889966
359.6573
-38.59546
2.149325
15.00727
4.86132
1.751849
359.5481
-38.59603
2.132622
15.20533
4.860001
1.526784
359.4676
-38.59803
2.116045
15.40335
4.8638
1.373039
359.4561
-38.59934
2.099239
15.60231
4.855166
1.166924
359.4936
-38.60093
2.082769
15.80068
4.861953
1.017376
359.5784
-38.60124
2.066194
15.99924
4.864525
0.8096952
359.6729
-38.60211
2.049578
16.19802
4.865583
0.6843336
359.7699
-38.60177
2.032938
16.39699
4.865493
0.5012763
359.8497
-38.60204
2.016225
16.5964
4.861973
0.39567
359.9188
-38.60116
1.99955
16.79593
4.860279
0.2277196
359.966
-38.60106
1.98286
16.9957
4.858444
0.1389599
0.003020121
-38.60004
1.966075
17.19599
4.852488
-0.003918666
0.02200639
-38.59994
1.949281
17.39668
4.846339
359.933
0.03504561
-38.59903
1.932423
17.59796
4.837754
359.8151
0.03481818
-38.59904
1.915599
17.79954
4.83183
359.7705
0.0328161
-38.59842
1.898603
18.0021
4.818852
359.6773
0.02225158
-38.5981
1.882282
18.20265
4.84159
359.607
0.009416464
-38.59794
1.86484
18.40643
4.813123
359.5433
-0.004634421
-38.59811
1.848275
18.60836
4.826931
359.4998
359.9808
-38.59772
1.831298
18.81121
4.824815
359.4063
359.9622
-38.59845
1.814316
19.01432
4.823766
359.39
359.949
-38.59865
1.797138
19.2184
4.81422
359.3238
359.9326
-38.59924
1.780555
19.42078
4.835603
359.2783
359.9181
-38.6
1.762915
19.62635
4.807744
359.234
359.905
-38.60116
1.746194
19.82999
4.823661
359.2108
359.894
-38.60176
1.729063
20.03452
4.823426
359.1338
359.8802
-38.60352
1.711925
20.2393
4.823847
359.1335
359.873
-38.60474
1.694578
20.4451
4.814616
359.0809
359.863
-38.60646
1.677848
20.64916
4.837008
359.0573
359.856
-38.6083
1.66013
20.85613
4.813373
359.0291
359.85
-38.6105
1.643283
21.06118
4.831156
359.0198
359.846
-38.61227
1.625908
21.26754
4.826285
358.9675
359.8399
-38.61499
1.608702
21.47374
4.829859
358.9773
359.8391
-38.61711
1.591298
21.68075
4.82462
358.9309
359.8349
-38.62003
1.574147
21.88725
4.832439
358.9376
359.8352
-38.62215
1.556884
22.09399
4.836741
358.8751
359.8307
-38.62534
1.539563
22.30096
4.839211
358.8858
359.8321
-38.62774
1.522214
22.50817
4.840739
358.8269
359.8284
-38.63119
1.504827
22.71567
4.840779
358.84
359.8302
-38.63382
1.487433
22.92343
4.840653
358.783
359.8269
-38.63753
1.470034
23.1314
4.840797
358.7997
359.8292
-38.64042
1.452626
23.3396
4.840984
358.7464
359.8263
-38.64431
1.435166
23.54815
4.839353
358.7631
359.8288
-38.64738
1.417708
23.75695
4.838248
358.7085
359.826
-38.6515
1.400259
23.96591
4.838518
358.7276
359.8288
-38.65479
1.382787
24.1751
4.838681
358.6762
359.8263
-38.65908
1.365287
24.38451
4.838596
358.6955
359.8291
-38.66258
1.347735
24.59429
4.836761
358.6471
359.8269
-38.6671
1.330182
24.80429
4.835759
358.6707
359.8302
-38.67076
1.312624
25.01452
4.835491
358.6233
359.8281
-38.67542
1.295033
25.225
4.834863
358.646
359.8314
-38.67926
1.277401
25.43583
4.833187
358.5999
359.8295
-38.6841
1.259774
25.64685
4.832836
358.6262
359.8331
-38.68809
1.24213
25.85811
4.832838
358.5818
359.8314
-38.69304
1.224445
26.06965
4.832113
358.6066
359.8349
-38.69717
1.206718
26.28156
4.830294
358.5626
359.8331
-38.70229
1.189002
26.49365
4.83021
358.5914
359.8369
-38.70655
1.171271
26.70597
4.830588
358.5491
359.8353
-38.71177
1.1535
26.91856
4.830423
358.5764
359.839
-38.71613
1.135688
27.13149
4.829225
358.5346
359.8373
-38.7215
1.11788
27.34462
4.829387
358.5652
359.8412
-38.72597
1.100056
27.55798
4.829947
358.5246
359.8396
-38.73161
1.082927
27.77097
4.826314
358.5668
359.8505
-38.73588
1.068858
27.98287
4.770392
358.4765
359.882
-38.74089
1.056735
28.19432
4.637681
358.4635
359.8892
-38.74618
1.045244
28.41011
4.362496
358.4606
359.8915
-38.75144
1.036078
28.62301
4.090287
358.4578
359.8927
-38.75671
1.028397
28.83157
3.819922
358.4609
359.8929
-38.76217
1.020088
29.04351
3.426182
358.4685
359.8929
-38.76785
1.013113
29.25208
3.051797
358.5001
359.8907
-38.77322
1.005861
29.46205
2.613923
358.4972
359.8949
-38.7784
0.9989581
29.6716
2.16303
358.4773
359.901
-38.78423
0.9920453
29.88165
1.690827
358.5095
359.9015
-38.78939
0.9850525
30.09258
1.202541
358.4832
359.9075
-38.79454
0.9783752
30.30205
0.7382098
358.4595
359.9118
-38.80044
0.9713849
30.51213
0.2653682
358.4908
359.9156
