-30.2732
0.8686275
3.400099
359.8811
90.00658
3.069589E-05
-30.25888
0.8686476
3.399893
359.8702
89.99066
-0.0001062151
-30.24208
0.8685732
3.400365
359.8578
89.9916
359.9844
-30.23303
0.868571
3.400657
359.8556
89.97329
359.9699
-30.22358
0.8685954
3.401254
359.8563
89.96624
359.958
-30.20324
0.8685645
3.402994
359.8583
89.92477
359.9225
-30.18139
0.8685324
3.405295
359.866
89.83887
359.8879
-30.16952
0.8684701
3.406981
359.8673
89.78948
359.8651
-30.15714
0.8683884
3.408901
359.8683
89.73412
359.8464
-30.13144
0.8682812
3.413705
359.8763
89.59554
359.8062
-30.10483
0.868217
3.419732
359.8917
89.41616
359.7703
-30.09127
0.8682102
3.42331
359.9023
89.31177
359.7524
-30.07754
0.8681738
3.427227
359.9126
89.20499
359.7406
-30.06349
0.868112
3.431426
359.9213
89.07728
359.7246
-30.03437
0.8678918
3.441006
359.9323
88.82533
359.7064
-30.0043
0.8677766
3.451322
359.9462
88.54947
359.7208
-29.97265
0.8675756
3.462459
359.9511
88.25034
359.7339
-29.97265
0.8675756
3.462459
359.9511
88.25034
359.7339
-29.94024
0.8675039
3.474224
359.961
87.94358
359.7634
-29.90665
0.8674517
3.486486
359.969
87.61569
359.7933
-29.87189
0.8673633
3.499433
359.973
87.28354
359.8163
-29.87189
0.8673633
3.499433
359.973
87.28354
359.8163
-29.83566
0.8672312
3.513045
359.9714
86.93797
359.8278
-29.79831
0.8671577
3.527198
359.9709
86.57225
359.8357
-29.76029
0.8672076
3.541915
359.9774
86.20656
359.8544
-29.74091
0.8672378
3.549433
359.9807
86.01637
359.8629
-29.72108
0.8672104
3.55715
359.9803
85.82007
359.8633
-29.68064
0.8671576
3.573106
359.979
85.41972
359.8609
-29.63928
0.8671742
3.58982
359.9807
85.01711
359.8639
-29.61837
0.8671942
3.598312
359.9828
84.80782
359.8667
-29.59714
0.8672068
3.607064
359.984
84.59875
359.8674
-29.55382
0.8672006
3.625038
359.9843
84.16547
359.8654
-29.53192
0.8672076
3.634305
359.9855
83.94862
359.8654
-29.48723
0.8672019
3.653491
359.9856
83.5051
359.8619
-29.44162
0.8671761
3.673419
359.9847
83.04996
359.857
-29.44162
0.8671761
3.673419
359.9847
83.04996
359.857
-29.39498
0.8671576
3.694394
359.9831
82.59615
359.8513
-29.3474
0.8671756
3.716049
359.9832
82.11395
359.8448
-29.29894
0.8671874
3.7387
359.9835
81.62846
359.8403
-29.27425
0.8672088
3.749958
359.9839
81.38688
359.8613
-29.24907
0.8671967
3.761125
359.9819
81.13388
359.8794
-29.19677
0.8670973
3.783174
359.9693
80.65987
359.9432
-29.14266
0.8670907
3.804181
359.96
80.21733
0.03041961
-29.14266
0.8670907
3.804181
359.96
80.21733
0.03041961
-29.08665
0.867106
3.82414
359.9521
79.80313
0.1090864
-29.05793
0.8671243
3.833565
359.949
79.60516
0.1503211
-28.99966
0.8672487
3.850987
359.9517
79.26785
0.2442139
-28.9399
0.8672552
3.86661
359.9531
78.98194
0.319011
-28.87907
0.8672677
3.880558
359.9586
78.76447
0.3768505
-28.87907
0.8672677
3.880558
359.9586
78.76447
0.3768505
-28.81805
0.8673333
3.892949
359.9736
78.6218
0.4113692
-28.75673
0.8673263
3.904437
359.9887
78.52254
0.3973029
-28.69517
0.867268
3.915529
0.002021069
78.45017
0.3477798
-28.66439
0.8672417
3.921023
0.008787919
78.42223
0.3156718
-28.63361
0.867216
3.926518
0.01536459
78.39857
0.2813474
-28.5721
0.8671659
3.937578
0.02747218
78.36142
0.2119591
-28.54138
0.8671416
3.94317
0.03283164
78.34688
0.1790479
-28.47999
0.8670973
3.954517
0.04194989
78.32391
0.1201309
-28.41871
0.8670609
3.966101
0.04887994
78.3071
0.07246277
-28.41871
0.8670609
3.966101
0.04887994
78.3071
0.07246277
-28.35752
0.8670348
3.977921
0.05373457
78.29478
0.03649222
-28.29643
0.8670198
3.989952
0.05677086
78.28569
0.01123148
-28.23542
0.8670149
4.002164
0.05830768
78.27898
-0.005041624
-28.20494
0.8670158
4.008326
0.0586192
78.27631
359.9896
-28.17448
0.8670186
4.014519
0.05868567
78.27402
359.9857
-28.14403
0.867023
4.02074
0.05854549
78.27205
359.9831
-28.08318
0.8670355
4.033245
0.05779437
78.26889
359.981
-28.02238
0.8670508
4.045813
0.05663812
78.26657
359.9815
-27.96161
0.8670672
4.05842
0.05529627
78.26485
359.9837
-27.96161
0.8670672
4.05842
0.05529627
78.26485
359.9837
-27.90089
0.8670834
4.071049
0.0539383
78.26361
359.9866
-27.84019
0.8670976
4.083687
0.05268621
78.26269
359.9897
-27.77952
0.8671097
4.096324
0.05161002
78.26203
359.9925
-27.7492
0.8671148
4.102641
0.05115221
78.26178
359.9937
-27.71888
0.8671191
4.108956
0.05074861
78.26157
-0.005105461
-27.68857
0.8671228
4.115269
0.05040165
78.26137
-0.004078054
-27.62797
0.8671285
4.127886
0.04987227
78.26108
-0.002390142
-27.56739
0.8671319
4.140493
0.04954303
78.26087
-0.001160115
-27.50685
0.8671334
4.153089
0.04937981
78.26073
-0.0003243958
-27.47658
0.8671334
4.159383
0.04934866
78.26067
-3.058745E-05
-27.44632
0.8671334
4.165675
0.04934754
78.26063
0.0001952091
-27.38583
0.8671325
4.178252
0.04941178
78.26056
0.0004774681
-27.35559
0.8671319
4.184537
0.0494692
78.26053
0.000551688
-27.29514
0.8671299
4.197101
0.04961308
78.26048
0.0006037833
-27.23471
0.8671283
4.209658
0.04978004
78.26045
0.0005734092
-27.23471
0.8671283
4.209658
0.04978004
78.26045
0.0005734092
-27.17425
0.8671675
4.222222
0.05150747
78.26046
0.0004951155
-27.11371
0.8671646
4.234812
0.05098195
78.26133
0.0004333803
-27.05254
0.8671538
4.247634
0.04670537
78.27028
0.0005183325
-27.02146
0.8671002
4.254098
0.04010847
78.27142
0.0006764191
-26.95898
0.8670802
4.267075
0.03061142
78.27242
0.0007583896
-26.95898
0.8670802
4.267075
0.03061142
78.27242
0.0007583896
-26.8953
0.8670759
4.280365
0.0184695
78.27852
0.000755979
-26.8298
0.8670129
4.293873
-0.0009733214
78.27271
0.0006763453
-26.763
0.8670734
4.307774
359.985
78.27601
0.0005461916
-26.72878
0.8670888
4.314781
359.9763
78.26927
0.0003772029
-26.69383
0.8670437
4.322039
359.9633
78.26936
0.0001476228
-26.65845
0.8670317
4.329353
359.9523
78.26714
2.401239E-05
-26.58658
0.8671316
4.344202
359.939
78.261
-0.0005010653
-26.51244
0.8671665
4.359632
359.9238
78.2627
-0.0007254447
-26.43631
0.867233
4.37543
359.9133
78.26126
-0.0005724759
-26.39756
0.8672678
4.383571
359.9097
78.26777
-0.0005692576
-26.35834
0.8673089
4.391785
359.9075
78.27293
-0.0003671098
-26.31881
0.8673841
4.400016
359.9088
78.27467
-0.0001156498
-26.23734
0.8673067
4.416999
359.8984
78.28014
0.000288029
-26.15397
0.8673007
4.434209
359.8945
78.27345
0.0004209478
-26.0688
0.8673486
4.451845
359.8963
78.27039
0.0003511849
-26.0257
0.8673986
4.460795
359.9005
78.27045
0.0001665628
-25.98166
0.8673583
4.469897
359.8985
78.26712
4.370927E-05
-25.89232
0.8673332
4.488339
359.8993
78.25839
-0.0004119131
-25.84664
0.867281
4.497814
359.8967
78.2569
-0.0005749141
-25.75374
0.8671989
4.517118
359.8927
78.25625
-0.0008423925
-25.65911
0.8672395
4.536933
359.8962
78.26712
-0.0005855162
-25.61126
0.8672978
4.546891
359.9013
78.26855
-0.000298341
-25.56284
0.8673199
4.557004
359.9044
78.27272
-4.449634E-05
-25.46423
0.8672702
4.577617
359.905
78.28349
0.0006033787
-25.41422
0.8672688
4.58803
359.9064
78.28648
0.0009134322
-25.31256
0.8672433
4.60917
359.9072
78.29106
0.001372506
-25.20916
0.8672312
4.631826
359.9084
78.2714
359.9514
-25.20916
0.8672312
4.631826
359.9084
78.2714
359.9514
-25.10463
0.8672594
4.657127
359.9132
78.19934
359.8454
-24.99918
0.867255
4.685665
359.9185
78.03378
359.7011
-24.94647
0.8672828
4.701324
359.9245
77.92187
359.6255
-24.84193
0.8673621
4.736037
359.9448
77.6128
359.4542
-24.78987
0.8673694
4.754753
359.9553
77.42213
359.3894
-24.7382
0.8673725
4.774549
359.9674
77.202
359.3199
-24.63694
0.8674406
4.817199
0.00309493
76.69203
359.2052
-24.53849
0.8674634
4.863685
0.04451765
76.08089
359.1187
-24.4436
0.8674251
4.913939
0.08989624
75.37038
359.0516
-24.3975
0.8673871
4.940238
0.112687
74.9855
359.0372
-24.30764
0.8672642
4.99453
0.154038
74.17332
359.06
-24.30764
0.8672642
4.99453
0.154038
74.17332
359.06
-24.2205
0.8671111
5.05047
0.1872986
73.32159
359.1354
-24.13606
0.8670012
5.107553
0.2147637
72.45499
359.2422
-24.054
0.8669063
5.16541
0.2337794
71.57997
359.3585
-24.01377
0.8668656
5.194526
0.2399658
71.14154
359.416
-23.93443
0.8667643
5.253034
0.2426244
70.25584
359.5208
-23.93443
0.8667643
5.253034
0.2426244
70.25584
359.5208
-23.85702
0.8667419
5.311832
0.2411188
69.37451
359.6105
-23.78143
0.86677
5.370836
0.2361121
68.49955
359.6841
-23.70747
0.8668059
5.430049
0.226725
67.62699
359.7382
-23.67098
0.8668103
5.459753
0.2196167
67.18916
359.7581
-23.5994
0.8668883
5.519234
0.2084682
66.32516
359.7928
-23.5994
0.8668883
5.519234
0.2084682
66.32516
359.7928
-23.5294
0.8669621
5.578972
0.1967923
65.46603
359.8137
-23.46097
0.8670288
5.638945
0.1854788
64.61309
359.8265
-23.39419
0.8670962
5.699134
0.1761952
63.76938
359.8345
-23.36141
0.867129
5.729289
0.1724178
63.35163
359.8379
-23.29704
0.8671762
5.789788
0.1655395
62.52087
359.8409
-23.29704
0.8671762
5.789788
0.1655395
62.52087
359.8409
-23.23436
0.8672296
5.850426
0.1616619
61.70229
359.8448
-23.17312
0.8672358
5.911266
0.1569375
60.88837
359.8455
-23.14319
0.8672585
5.941707
0.1566769
60.48796
359.8475
-23.08432
0.8672478
6.002733
0.1536674
59.68791
359.8479
-23.02705
0.8672447
6.063821
0.152521
58.89913
359.8504
-23.02705
0.8672447
6.063821
0.152521
58.89913
359.8504
-22.97141
0.8672581
6.124905
0.1534875
58.12305
359.8546
-22.91715
0.8672285
6.186081
0.1522029
57.35098
359.8553
-22.89073
0.8672448
6.216603
0.1538387
56.97304
359.859
-22.83887
0.8672297
6.277693
0.1542977
56.21888
359.8612
-22.78852
0.8672101
6.338704
0.1544388
55.47405
359.864
-22.78852
0.8672101
6.338704
0.1544388
55.47405
359.864
-22.73961
0.8671935
6.399605
0.154332
54.73836
359.8674
-22.69205
0.8671677
6.460364
0.1530352
54.01032
359.8722
-22.66878
0.8671597
6.490673
0.1524114
53.64982
359.8744
-22.62344
0.8671983
6.551003
0.1545893
52.94392
359.8866
-22.56479
0.8837545
6.594498
0.7932502
51.69156
359.145
-22.53706
0.8889914
6.616591
1.028094
51.1063
358.7897
-22.51093
0.8921385
6.639429
1.197679
50.55873
358.4887
-22.46223
0.8955078
6.686532
1.440995
49.52646
358.0056
-22.44013
0.8955464
6.71102
1.503475
49.04916
357.8506
-22.39979
0.8938909
6.761599
1.548324
48.15398
357.6902
-22.37065
0.8815832
6.816361
1.165586
47.37339
358.1526
-22.35972
0.8745481
6.845208
0.9082079
47.019
358.5284
-22.34816
0.8699242
6.874392
0.7156719
46.67682
358.8342
-22.33637
0.8670336
6.902941
0.5751017
46.33793
359.1077
-22.31167
0.8643513
6.959379
0.3810438
45.67864
359.5363
-22.28593
0.8639337
7.014774
0.2576177
45.0405
359.824
-22.25952
0.864459
7.069343
0.1729346
44.41723
-0.004247123
-22.24628
0.8648823
7.096272
0.1422889
44.11465
0.05175571
-22.23304
0.8653259
7.123002
0.1169759
43.8162
0.09084476
-22.2067
0.8661616
7.175915
0.07957971
43.23142
0.1300572
-22.19367
0.8665213
7.202125
0.06641756
42.94444
0.1351633
-22.16798
0.8670913
7.254113
0.04916563
42.38013
0.1266374
-22.14293
0.8674666
7.305564
0.04204282
41.82753
0.1037757
-22.13067
0.8675891
7.3311
0.04158105
41.55528
0.08990982
-22.11862
0.8676742
7.356514
0.04281726
41.28561
0.07554634
-22.09512
0.8677523
7.406971
0.04934478
40.75369
0.04762965
-22.08368
0.8677551
7.432014
0.05414268
40.4913
0.0348708
-22.06145
0.8677099
7.48172
0.06565782
39.97345
0.01287164
-22.04009
0.8676215
7.530905
0.07835149
39.46465
-0.004001624
-22.04009
0.8676215
7.530905
0.07835149
39.46465
-0.004001624
-22.01956
0.8675137
7.579546
0.09089117
38.96463
359.9841
-21.99986
0.8674041
7.627623
0.1023297
38.47314
359.9765
-21.98096
0.8673046
7.675115
0.1120466
37.98997
359.9726
-21.97138
0.8672345
7.698624
0.1135864
37.75405
359.9875
-21.95099
0.8670918
7.745117
0.1090898
37.30561
0.05405612
-21.95099
0.8670918
7.745117
0.1090898
37.30561
0.05405612
-21.92911
0.8669993
7.790946
0.09933017
36.89269
0.1316073
-21.90297
0.866951
7.83392
0.08757479
36.60318
0.3591772
-21.87396
0.8670111
7.874214
0.08260371
36.44207
0.5390913
-21.8587
0.867046
7.893575
0.08130907
36.40333
0.600491
-21.84309
0.8670763
7.912566
0.08015718
36.38676
0.6350758
-21.82709
0.867108
7.931067
0.07985126
36.3919
0.6577744
-21.79399
0.8671717
7.966456
0.08222882
36.46567
0.6753183
-21.75984
0.8672216
7.999912
0.08744395
36.61012
0.6565818
-21.72492
0.8672564
8.031425
0.09529897
36.81424
0.6173676
-21.70723
0.8672719
8.046394
0.1004235
36.93636
0.5968174
-21.68947
0.8672755
8.060962
0.1053236
37.06927
0.5686392
-21.65372
0.8672835
8.088407
0.1175234
37.36655
0.5181588
-21.6358
0.8672903
8.101238
0.1249336
37.52884
0.4972838
-21.60011
0.8672647
8.125571
0.1379842
37.87192
0.4383286
-21.56485
0.8671981
8.148807
0.1458008
38.22853
0.3587279
-21.56485
0.8671981
8.148807
0.1458008
38.22853
0.3587279
-21.53013
0.8671256
8.171272
0.1487262
38.58946
0.2732111
-21.496
0.86707
8.19313
0.1478815
38.94974
0.1934423
-21.46251
0.8670393
8.214467
0.1444216
39.30673
0.1256498
-21.44601
0.8670337
8.224956
0.1420401
39.48355
0.09703342
-21.41347
0.8670375
8.245601
0.1363663
39.83355
0.05050199
-21.41347
0.8670375
8.245601
0.1363663
39.83355
0.05050199
-21.38155
0.8670594
8.265801
0.1301625
40.17815
0.01708668
-21.35021
0.8670959
8.285559
0.1239311
40.5171
-0.005273798
-21.31944
0.8671418
8.304861
0.1180089
40.8502
359.981
-21.30426
0.8671666
8.31434
0.1152185
41.0145
359.9767
-21.28921
0.8671924
8.323699
0.1126061
41.17731
359.9737
-21.27428
0.8672179
8.332942
0.1101299
41.33858
359.9717
-21.24481
0.8672683
8.351067
0.1057153
41.65659
359.9702
-21.21584
0.8673153
8.368711
0.1019747
41.96848
359.9708
-21.18734
0.8673587
8.385876
0.09886535
42.27427
359.9724
-21.17326
0.8673787
8.394278
0.09753112
42.42489
359.9734
-21.15931
0.8673974
8.402562
0.09630989
42.57398
359.9744
-21.14547
0.8674154
8.410728
0.09521514
42.72157
359.9753
-21.11814
0.8674481
8.426709
0.09329939
43.01225
359.977
-21.09128
0.8674777
8.442231
0.09168305
43.29697
359.9783
-21.06487
0.8675053
8.457304
0.09027725
43.57581
359.9792
-21.05184
0.8675185
8.464676
0.08962158
43.71304
359.9795
-21.03893
0.8675314
8.471939
0.08898882
43.84883
359.9797
-21.01345
0.8675568
8.486148
0.08775932
44.11613
359.9799
-21.00088
0.8675692
8.493095
0.08714391
44.24767
359.9799
-20.97608
0.8675941
8.506686
0.08590263
44.50655
359.9796
-20.95175
0.8676194
8.519878
0.08461879
44.75989
359.9793
-20.93941
0.8675708
8.526518
0.07920708
44.88724
359.987
-20.92757
0.867617
8.532843
0.08042248
45.01002
359.9833
-20.9034
0.8675944
8.545746
0.072848
45.26863
-0.005634705
-20.87892
0.867555
8.558506
0.06228422
45.51729
0.008427965
-20.86657
0.8675532
8.564846
0.05723811
45.63918
0.01350383
-20.84207
0.8675992
8.577635
0.0500508
45.91147
0.02251817
-20.82949
0.8676026
8.584047
0.04464817
46.04281
0.02794259
-20.81691
0.8676479
8.590357
0.04199005
46.1685
0.02816219
-20.7907
0.8675967
8.603492
0.02657044
46.43186
0.04384398
-20.77753
0.8676358
8.610117
0.02274309
46.57236
0.04654622
-20.75051
0.8676647
8.623412
0.01391479
46.84315
0.053727
-20.72292
0.8676388
8.636801
0.005414297
47.11856
0.06327132
-20.72292
0.8676388
8.636801
0.005414297
47.11856
0.06327132
-20.69523
0.8676814
8.650022
0.005362662
47.39518
0.06135611
-20.68137
0.8677046
8.656607
0.006990487
47.53785
0.05976797
-20.65368
0.8677251
8.669593
0.01247618
47.81907
0.05316603
-20.62665
0.867798
8.682119
0.02645628
48.09864
0.03557513
-20.5995
0.8676987
8.694497
0.0324431
48.3725
0.03299542
-20.58609
0.8676638
8.700534
0.03655531
48.50768
0.03047279
-20.57279
0.8676388
8.70647
0.04118264
48.64152
0.02715268
-20.55961
0.8676196
8.712308
0.0460268
48.77396
0.02335068
-20.53359
0.8675901
8.723699
0.05551402
49.03463
0.01523186
-20.50807
0.8675676
8.734725
0.06385238
49.28976
0.007452465
-20.48308
0.8675891
8.745394
0.072377
49.53796
-0.004331323
-20.47099
0.8676198
8.750495
0.07804741
49.65704
359.9874
-20.45875
0.8676416
8.755588
0.08110996
49.77052
359.9812
-20.43448
0.8675977
8.765925
0.079961
50.01978
359.9833
-20.42232
0.8675945
8.771019
0.07853483
50.13949
359.9841
-20.39731
0.8675152
8.781544
0.06592171
50.39455
0.002797181
-20.38442
0.8674762
8.786846
0.05723629
50.51879
0.01412447
-20.35874
0.8675404
8.797448
0.04716551
50.78182
0.02411471
-20.33181
0.8675345
8.808407
0.03006531
51.04957
0.0426476
-20.31779
0.8675124
8.814103
0.01925974
51.19259
0.05600166
-20.30352
0.8675125
8.819812
0.009932272
51.33475
0.06707857
-20.28922
0.8675673
8.825486
0.00491865
51.47803
0.06968556
-20.25865
0.8674866
8.837495
359.9819
51.78025
0.09916501
-20.22725
0.8675781
8.849612
359.9726
52.09686
0.1079628
-20.19453
0.8676189
8.86199
359.9651
52.41884
0.1130655
-20.17758
0.8676242
8.868321
359.9617
52.5841
0.1161553
-20.14229
0.867509
8.881353
359.9503
52.93037
0.1354598
-20.14229
0.867509
8.881353
359.9503
52.93037
0.1354598
-20.10586
0.8674641
8.894523
359.947
53.29319
0.1462886
-20.0682
0.8674563
8.907835
359.9493
53.66966
0.1494316
-20.04878
0.8674309
8.914566
359.95
53.86093
0.1514306
-20.00958
0.8674501
8.927862
359.9595
54.24276
0.1429431
-19.96951
0.8674545
8.941163
359.9709
54.62843
0.1300198
-19.96951
0.8674545
8.941163
359.9709
54.62843
0.1300198
-19.92922
0.8674532
8.95437
359.9861
55.02534
0.1148018
-19.90904
0.8674624
8.960852
-0.004519047
55.22223
0.1047308
-19.86823
0.867371
8.973707
0.008543867
55.61053
0.0939473
-19.82738
0.8673066
8.986297
0.02289665
56.00439
0.08447985
-19.8071
0.8673005
8.992398
0.03182926
56.19628
0.07579996
-19.76716
0.8673114
9.004379
0.05219729
56.59239
0.05607586
-19.72696
0.8671535
9.016002
0.06071002
56.97406
0.05439516
-19.7071
0.8671082
9.021626
0.06599215
57.16314
0.05160976
-19.68738
0.8670793
9.027124
0.07165257
57.35059
0.04779286
-19.66782
0.8670597
9.032501
0.07729743
57.53658
0.04349765
-19.62917
0.8670344
9.042897
0.08784298
57.90348
0.03419789
-19.59115
0.8670176
9.052842
0.09661213
58.26373
0.02517643
-19.57239
0.8670108
9.057652
0.1001992
58.44139
0.02103007
-19.53535
0.8670007
9.066965
0.1057536
58.79189
0.0137032
-19.49895
0.8669993
9.07588
0.1092647
59.13602
0.007768244
-19.48099
0.8670024
9.080194
0.1103118
59.30576
0.005314387
-19.46319
0.8670088
9.084415
0.1109315
59.47397
0.003179065
-19.44555
0.8670176
9.088546
0.1111585
59.64064
0.001336812
-19.41075
0.8670437
9.096537
0.1106059
59.96951
-0.001572314
-19.37657
0.8670785
9.104179
0.1089824
60.29242
-0.00364634
-19.35971
0.8670986
9.107874
0.1078679
60.45166
-0.004437583
-19.32645
0.8671421
9.115016
0.1052145
60.76574
-0.005651041
-19.29379
0.8671888
9.121837
0.1022258
61.07386
359.9933
-19.27769
0.8672127
9.125132
0.1006729
61.22571
359.9929
-19.24594
0.8672603
9.131495
0.0975441
61.52502
359.9921
-19.24594
0.8672603
9.131495
0.0975441
61.52502
359.9921
-19.21477
0.8673064
9.13757
0.09449003
61.8185
359.9913
-19.18419
0.8673501
9.143366
0.09159641
62.10623
359.9905
-19.16912
0.8673711
9.146164
0.09022982
62.24795
359.9902
-19.13941
0.8674107
9.151563
0.08767037
62.52714
359.9896
-19.11026
0.8674475
9.15671
0.08534059
62.80072
359.989
-19.0959
0.8674648
9.159191
0.0842592
62.93543
359.9886
-19.0676
0.8674978
9.163978
0.08225507
63.2007
359.9881
-19.0676
0.8674978
9.163978
0.08225507
63.2007
359.9881
-19.03986
0.8675286
9.168534
0.08042599
63.46056
359.9876
-19.02619
0.8675432
9.17073
0.07956783
63.58847
359.9873
-18.99927
0.8675716
9.17496
0.07794145
63.84028
359.9868
-18.97289
0.8675988
9.178985
0.07640995
64.08683
359.9864
-18.95991
0.8676119
9.180923
0.07566906
64.20817
359.9862
-18.93433
0.8676378
9.184652
0.07421971
64.447
359.9858
-18.90927
0.8676635
9.188196
0.07279935
64.68074
359.9855
-18.89694
0.867676
9.189901
0.0720916
64.79575
359.9853
-18.8731
0.8678046
9.193167
0.07741585
65.02215
359.9723
-18.8731
0.8678046
9.193167
0.07741585
65.02215
359.9723
-18.84918
0.8677833
9.196365
0.07288007
65.24258
359.975
-18.82497
0.8677399
9.199515
0.06326905
65.46084
359.9862
-18.81293
0.8677237
9.201129
0.05851216
65.57904
-0.005673452
-18.78886
0.8677872
9.204119
0.05343533
65.79956
-0.003041834
-18.77656
0.8677894
9.205663
0.04817455
65.91482
0.002717085
-18.75152
0.8677763
9.208777
0.03590728
66.15182
0.01703849
-18.72647
0.8678156
9.21165
0.02909518
66.3759
0.0211118
-18.71379
0.8678333
9.213064
0.02589376
66.48813
0.02281207
-18.70097
0.8678185
9.214599
0.02115264
66.61414
0.02978193
-18.68826
0.8678471
9.216024
0.01998143
66.73476
0.03073211
-18.66309
0.8679117
9.219301
0.02040359
66.9727
0.00860258
-18.6378
0.8678867
9.223083
0.01769395
67.17833
359.9746
-18.61268
0.8678701
9.227719
0.01620127
67.36719
359.9338
-18.60017
0.8678629
9.230346
0.01574252
67.45488
359.9146
-18.57504
0.8678037
9.236477
0.01163682
67.62028
359.8811
-18.56246
0.867768
9.239925
0.009013649
67.69688
359.8665
-18.53742
0.8677437
9.247609
0.006332926
67.82776
359.8368
-18.52514
0.8677484
9.252096
0.006412968
67.87415
359.8037
-18.51298
0.8677587
9.256833
0.007281889
67.9084
359.7794
-18.50102
0.8677857
9.261829
0.009833138
67.92812
359.756
-18.47782
0.8678629
9.272519
0.01889296
67.9249
359.7206
-18.45493
0.8678315
9.284196
0.02271685
67.89093
359.7109
-18.44384
0.867852
9.29019
0.02735391
67.85794
359.7117
-18.42203
0.8678206
9.303036
0.03253257
67.77402
359.7133
-18.40099
0.8678048
9.316451
0.03893146
67.66097
359.7245
-18.39097
0.8678644
9.323296
0.04631284
67.5985
359.7346
-18.37211
0.8679184
9.337236
0.06107635
67.45342
359.7486
-18.37211
0.8679184
9.337236
0.06107635
67.45342
359.7486
-18.35487
0.8679467
9.351209
0.07728793
67.28967
359.7685
-18.33952
0.8680078
9.364545
0.09786045
67.11599
359.8081
-18.33233
0.8680233
9.370962
0.1066849
67.03
359.8354
-18.31889
0.8680034
9.383178
0.1196184
66.86277
359.8904
-18.31289
0.868035
9.388805
0.1281402
66.79341
359.9261
-18.30155
0.8680196
9.399224
0.1369365
66.64462
359.9809
-18.29209
0.8680792
9.40801
0.1486524
66.51848
0.03711401
-18.28786
0.8680766
9.412007
0.1511873
66.46876
0.0593024
-18.28068
0.8681346
9.418611
0.1578528
66.37372
0.09965838
-18.27747
0.868119
9.421547
0.1564289
66.33215
0.1089237
-18.27291
0.8682677
9.425557
0.1645357
66.25659
0.1412878
-18.27112
0.868292
9.42721
0.1640883
66.23338
0.1484903
-18.2696
0.8682944
9.428514
0.1613399
66.21038
0.1517104
-18.26798
0.8683817
9.429895
0.1590677
66.18542
0.161178
-18.26773
0.8684336
9.430035
0.1573811
66.17894
0.1642003
-18.26845
0.868557
9.429144
0.1542434
66.1767
0.1691197
-18.27063
0.868661
9.426925
0.1496854
66.19284
0.1697877
-18.2722
0.8686785
9.425365
0.1457267
66.20827
0.1674853
-18.27673
0.8687949
9.421021
0.1445913
66.25458
0.172272
-18.27936
0.8687848
9.418454
0.1407785
66.27946
0.1684773
-18.28238
0.8687651
9.415602
0.1371861
66.31316
0.1641115
-18.28925
0.8686994
9.409034
0.1289559
66.38207
0.1512322
-18.29743
0.8686672
9.40154
0.1235676
66.48061
0.1446191
-18.30204
0.8686532
9.397374
0.1220054
66.53835
0.1420857
-18.30685
0.8686185
9.392914
0.1195871
66.59007
0.1366294
-18.31819
0.8686666
9.382676
0.1264257
66.71852
0.1450944
-18.33004
0.8684728
9.372074
0.1187034
66.86402
0.1278198
-18.33648
0.8684376
9.3663
0.1181748
66.9373
0.1238256
-18.35025
0.8683344
9.354094
0.116342
67.09834
0.1153252
-18.35757
0.8682793
9.347695
0.1153805
67.18569
0.1099693
-18.36526
0.8682537
9.341007
0.1163272
67.27514
0.1076504
-18.37342
0.8682612
9.33388
0.1202599
67.36399
0.109976
-18.39035
0.8681926
9.319406
0.1224994
67.56803
0.1091332
-18.40843
0.8681023
9.303898
0.1241673
67.77541
0.1066687
-18.41802
0.8680678
9.295782
0.126136
67.88824
0.1070392
-18.43811
0.8680211
9.278899
0.1310066
68.12598
0.1096321
-18.45921
0.8678832
9.261326
0.1304433
68.37917
0.1028107
-18.47031
0.8678663
9.252116
0.1330213
68.50918
0.1037101
-18.49392
0.8678519
9.233391
0.1408993
68.7607
0.08083678
-18.49392
0.8678519
9.233391
0.1408993
68.7607
0.08083678
-18.5199
0.8678459
9.214447
0.1532862
69.02093
0.04386903
-18.54738
0.867664
9.196167
0.1544174
69.28287
359.9839
-18.57701
0.8675733
9.177829
0.1600792
69.50652
359.9279
-18.59278
0.8675699
9.168773
0.165521
69.61683
359.9039
-18.60889
0.8675104
9.160044
0.166987
69.71964
359.8734
-18.64203
0.8673342
9.143669
0.1618935
69.8991
359.8084
-18.67631
0.8671973
9.128437
0.1521842
70.04623
359.7598
-18.69378
0.8671242
9.12119
0.1450791
70.09956
359.7391
-18.72958
0.8670834
9.107991
0.1326969
70.19128
359.7014
-18.72958
0.8670834
9.107991
0.1326969
70.19128
359.7014
-18.766
0.8671173
9.095214
0.12143
70.24008
359.705
-18.78406
0.8670776
9.089105
0.1109593
70.26048
359.7184
-18.82055
0.8671055
9.077045
0.09529027
70.29867
359.7597
-18.85702
0.8671544
9.065073
0.0807852
70.32649
359.8094
-18.87524
0.8671814
9.059088
0.0741718
70.3378
359.8345
-18.91164
0.8672361
9.047075
0.06261865
70.35691
359.8813
-18.94796
0.8672866
9.03497
0.05351618
70.3728
359.9211
-18.96609
0.8673085
9.028876
0.04988796
70.37994
359.9379
-19.00232
0.867332
9.016403
0.04438912
70.37865
359.9648
-19.00232
0.867332
9.016403
0.04438912
70.37865
359.9648
-19.03879
0.8674064
9.003173
0.04648314
70.3972
0.01074938
-19.07497
0.8673937
8.988821
0.04706713
70.44102
0.07162403
-19.1116
0.8674376
8.973073
0.05587248
70.52193
0.1327891
-19.12981
0.8674427
8.964689
0.05980581
70.57076
0.1614049
-19.14804
0.8674068
8.955912
0.06248781
70.63812
0.1930489
-19.18477
0.8674005
8.936546
0.07368718
70.80308
0.2618948
-19.22144
0.867299
8.915727
0.07945397
71.03361
0.3091979
-19.23993
0.8673056
8.904512
0.08538016
71.16619
0.3339399
-19.25821
0.8672409
8.893102
0.08623559
71.3065
0.3420172
-19.27635
0.8671514
8.881213
0.08494233
71.45389
0.3492179
-19.31244
0.8670753
8.856062
0.08467989
71.79059
0.3688916
-19.34953
0.8671893
8.829409
0.09666012
72.17355
0.3682352
-19.3684
0.8672467
8.815704
0.1035442
72.37383
0.3560785
-19.40668
0.8672487
8.787901
0.1121142
72.79182
0.3078825
-19.4455
0.867172
8.759731
0.1147907
73.20943
0.2390831
-19.46527
0.8671111
8.745542
0.1147891
73.42278
0.2029812
-19.50608
0.8671589
8.716959
0.1242509
73.88204
0.1550525
-19.50608
0.8671589
8.716959
0.1242509
73.88204
0.1550525
-19.5482
0.8671612
8.688025
0.1322609
74.35078
0.1131784
-19.56991
0.867201
8.673306
0.138884
74.58504
0.09956213
-19.61372
0.8671553
8.644046
0.1422347
75.05436
0.06356653
-19.65844
0.8670779
8.61488
0.1406935
75.53158
0.03065107
-19.70388
0.8670028
8.586021
0.1348624
76.02077
0.001354162
-19.70388
0.8670028
8.586021
0.1348624
76.02077
0.001354162
-19.77338
0.8670095
8.543223
0.1261926
76.76585
359.9741
-19.77338
0.8670095
8.543223
0.1261926
76.76585
359.9741
-19.81984
0.8669685
8.515427
0.1125648
77.26023
359.9506
-19.86631
0.8669621
8.488405
0.09729156
77.76839
359.9334
-19.88962
0.8669811
8.475021
0.09066756
78.01566
359.9263
-19.93574
0.8669769
8.449049
0.07269605
78.50928
359.9056
-19.9813
0.8669784
8.424011
0.05336953
78.9965
359.8853
-20.00416
0.8670212
8.412076
0.04700645
79.23463
359.8633
-20.05091
0.8671878
8.389825
0.04564625
79.68291
359.7947
-20.05091
0.8671878
8.389825
0.04564625
79.68291
359.7947
-20.09851
0.8672742
8.369869
0.04731667
80.09997
359.7196
-20.14688
0.8673058
8.351961
0.05107455
80.48146
359.6614
-20.17132
0.8673012
8.34385
0.05300913
80.65879
359.6341
-20.22106
0.8672986
8.329419
0.05997732
80.97121
359.581
-20.27148
0.8672583
8.317142
0.0655911
81.23418
359.5465
-20.29696
0.8672398
8.311784
0.06835037
81.34396
359.5319
-20.32239
0.8671852
8.306902
0.06813285
81.44591
359.5275
-20.34834
0.8672117
8.30258
0.07316389
81.53717
359.5194
-20.39994
0.8671766
8.295128
0.07436167
81.65586
359.5159
-20.45079
0.8670652
8.288784
0.06474034
81.73613
359.5542
-20.50091
0.8669996
8.282955
0.05193236
81.78748
359.6212
-20.52558
0.8669977
8.280131
0.04510389
81.80389
359.6599
-20.57368
0.866938
8.274887
0.02438803
81.84288
359.7388
-20.57368
0.866938
8.274887
0.02438803
81.84288
359.7388
-20.62014
0.8669276
8.269518
0.002526363
81.85442
359.8126
-20.665
0.8669665
8.26423
359.9823
81.86145
359.8748
-20.68695
0.8670486
8.261638
359.9761
81.86834
359.9013
-20.7291
0.8671145
8.256372
359.9587
81.86706
359.9442
-20.76927
0.8672129
8.251345
359.9445
81.87757
359.976
-20.76927
0.8672129
8.251345
359.9445
81.87757
359.976
-20.80707
0.8672125
8.246282
359.9268
81.87219
-0.003276298
-20.84249
0.8672372
8.241527
359.9106
81.87534
0.009499737
-20.85948
0.8672482
8.239388
359.9037
81.8713
0.003052905
-20.89239
0.8674399
8.236095
359.9012
81.84752
359.9634
-20.92308
0.8674622
8.233831
359.8926
81.78825
359.9218
-20.92308
0.8674622
8.233831
359.8926
81.78825
359.9218
-20.95238
0.8675554
8.232372
359.892
81.69217
359.8884
-20.9804
0.8677022
8.231808
359.8982
81.56394
359.8593
-20.99413
0.8677684
8.231954
359.9034
81.49175
359.8443
-21.0204
0.8678172
8.233228
359.9104
81.33438
359.8218
-21.04602
0.867927
8.235459
359.9242
81.14725
359.8028
-21.05811
0.8678768
8.236971
359.925
81.05232
359.8046
-21.07014
0.8678715
8.23856
359.929
80.94493
359.8079
-21.08193
0.8678832
8.240388
359.9335
80.84477
359.8151
-21.10494
0.8679066
8.244194
359.9435
80.64112
359.8452
-21.12725
0.8679073
8.248021
359.9529
80.44125
359.8894
-21.14902
0.8679181
8.251712
359.9632
80.24393
359.933
-21.15972
0.8679227
8.253484
359.9682
80.14664
359.9529
-21.17029
0.8679262
8.255197
359.973
80.05038
359.9711
-21.19109
0.8679298
8.25844
359.9817
79.86109
0.001756405
-21.20131
0.8679307
8.259967
359.9854
79.7681
0.01408812
-21.22142
0.8679324
8.262841
359.9916
79.5854
0.03308048
-21.24107
0.8679372
8.265488
-0.003951558
79.40711
0.045399
-21.25074
0.8679413
8.266732
-0.002316313
79.31961
0.04946599
-21.26029
0.867947
8.267928
-0.001053232
79.23318
0.05236873
-21.27907
0.867963
8.270191
0.0004811198
79.06355
0.05535583
-21.2883
0.8679733
8.271263
0.0008157357
78.98032
0.05574743
-21.30643
0.867998
8.273302
0.0007958738
78.81696
0.0550049
-21.32414
0.8680272
8.275218
8.457362E-05
78.65773
0.05295878
-21.33284
0.8680428
8.276135
-0.0004523666
78.57963
0.0516614
-21.34143
0.8680595
8.277026
-0.001069687
78.50254
0.05027113
-21.3583
0.8680929
8.278742
-0.002463315
78.35133
0.04740988
-21.36659
0.8681098
8.279567
-0.003193168
78.2772
0.04600771
-21.38285
0.8681433
8.281159
-0.004636923
78.13184
0.04337394
-21.39872
0.868175
8.282677
359.994
77.99026
0.04104804
-21.39872
0.868175
8.282677
359.994
77.99026
0.04104804
-21.41419
0.8682046
8.284126
359.9929
77.85244
0.03906263
-21.42928
0.8682321
8.28551
359.9919
77.71828
0.03739678
-21.43668
0.8682449
8.286179
359.9915
77.65256
0.03667134
-21.4511
0.8682648
8.287395
359.9902
77.51357
0.03309666
-21.46483
0.8682594
8.2885
359.9865
77.37582
0.03573431
-21.46483
0.8682594
8.2885
359.9865
77.37582
0.03573431
-21.4773
0.8682238
8.289493
359.9774
77.24475
0.04609294
-21.48883
0.8682271
8.290361
359.9686
77.11971
0.05599713
-21.49444
0.8683063
8.290828
359.9682
77.06622
0.05543429
-21.50393
0.8683001
8.291541
359.9554
76.96225
0.07028747
-21.51192
0.8683335
8.292155
359.9423
76.87445
0.08562291
-21.51192
0.8683335
8.292155
359.9423
76.87445
0.08562291
-21.51792
0.8683952
8.292614
359.9272
76.80904
0.1034952
-21.52176
0.8684565
8.292898
359.9099
76.76402
0.1216666
-21.5229
0.8685159
8.292994
359.9023
76.74987
0.128115
-21.52376
0.8686576
8.292995
359.8893
76.73167
0.1377043
-21.52271
0.8687697
8.292773
359.8774
76.72561
0.1447382
-21.52271
0.8687697
8.292773
359.8774
76.72561
0.1447382
-21.51989
0.8689244
8.292453
359.8717
76.743
0.1438975
-21.51466
0.8689429
8.291912
359.8618
76.77591
0.1509566
-21.50795
0.8690009
8.291281
359.8605
76.82855
0.1475878
-21.50361
0.8689693
8.290838
359.8575
76.85764
0.1507491
-21.49392
0.8689253
8.290031
359.8573
76.94398
0.153171
-21.49392
0.8689253
8.290031
359.8573
76.94398
0.153171
-21.48267
0.8688747
8.289061
359.8615
77.04869
0.1522614
-21.47032
0.8689131
8.287937
359.8756
77.15941
0.1332751
-21.45516
0.868688
8.286693
359.8734
77.29868
0.1452491
-21.447
0.8686053
8.285922
359.8745
77.36649
0.147377
-21.4297
0.8685215
8.284328
359.8822
77.52188
0.1453327
-21.4297
0.8685215
8.284328
359.8822
77.52188
0.1453327
-21.41076
0.8684456
8.282364
359.8909
77.67249
0.1378
-21.39057
0.8683673
8.280491
359.9011
77.85909
0.1333912
-21.36889
0.8682854
8.278414
359.9105
78.05601
0.1264828
-21.35719
0.8681701
8.27726
359.9101
78.1582
0.1318739
-21.33361
0.8681587
8.274914
359.9229
78.37459
0.1210434
-21.33361
0.8681587
8.274914
359.9229
78.37459
0.1210434
-21.30848
0.8680629
8.272267
359.9304
78.59605
0.11841
-21.28301
0.8680847
8.269509
359.9469
78.82562
0.1006155
-21.25635
0.8679081
8.26656
359.9524
79.0644
0.1026362
-21.24325
0.8679429
8.265042
359.963
79.18184
0.0900826
-21.23007
0.8679649
8.263515
359.9731
79.30277
0.07927528
-21.21703
0.8679894
8.261997
359.9844
79.42374
0.06606725
-21.19042
0.8678671
8.258896
-0.003741001
79.67536
0.06024964
-21.16337
0.867762
8.255606
0.005361108
79.9306
0.05810435
-21.13636
0.8676957
8.252792
0.01432073
80.17747
0.02847592
-21.12293
0.8676616
8.251654
0.01815347
80.28794
0.002875115
-21.10968
0.8676643
8.250628
0.02384592
80.39029
359.9777
-21.08315
0.867655
8.249395
0.0316122
80.58044
359.924
-21.06989
0.8676448
8.249137
0.03394405
80.66821
359.9002
-21.04332
0.8676215
8.24954
0.03563602
80.82449
359.8549
-21.01653
0.8675812
8.250992
0.03285423
80.96132
359.8253
-21.00315
0.8675805
8.252088
0.03172512
81.01894
359.812
-20.98975
0.8675827
8.253358
0.03034957
81.07166
359.8058
-20.97644
0.8676081
8.254871
0.03034719
81.1137
359.796
-20.94959
0.8675951
8.258866
0.02572415
81.17902
359.7782
-20.9228
0.8676178
8.263374
0.02336566
81.21761
359.784
-20.89605
0.8676536
8.268111
0.02260131
81.24034
359.8101
-20.88268
0.8676708
8.270517
0.02259632
81.24803
359.8275
-20.86932
0.867686
8.272931
0.02276633
81.254
359.8461
-20.85596
0.8676989
8.27534
0.02306531
81.25867
359.8652
-20.82924
0.8677171
8.280117
0.02392325
81.26522
359.9019
-20.80252
0.8677264
8.284803
0.02497346
81.26931
359.9341
-20.77579
0.8677291
8.289379
0.0260771
81.27191
359.96
-20.76243
0.8677285
8.291625
0.02661958
81.27283
359.9705
-20.7357
0.8677252
8.296037
0.0276428
81.27419
359.987
-20.7357
0.8677252
8.296037
0.0276428
81.27419
359.987
-20.70898
0.8677205
8.300352
0.02854169
81.27507
-0.001970005
-20.68226
0.8677158
8.304589
0.02928961
81.27567
0.004716079
-20.6689
0.8677136
8.306684
0.02959958
81.27589
0.00676772
-20.64219
0.8677101
8.310838
0.03010233
81.27621
0.008928595
-20.6155
0.8677076
8.314953
0.03045012
81.27642
0.00923954
-20.6155
0.8677076
8.314953
0.03045012
81.27642
0.00923954
-20.58882
0.8677062
8.319044
0.03066223
81.27656
0.008436025
-20.56215
0.867706
8.323119
0.03076008
81.27665
0.007066403
-20.54882
0.8677062
8.325153
0.03077371
81.27668
0.00629503
-20.52218
0.8677073
8.32922
0.0307496
81.27672
0.004745325
-20.49555
0.8677087
8.333283
0.03066968
81.27673
0.003329982
-20.48228
0.8677113
8.33548
0.03076592
81.2729
359.9929
-20.46904
0.867713
8.337758
0.03086242
81.26613
359.9829
-20.44277
0.8677225
8.342901
0.03186923
81.23481
359.9474
-20.41686
0.8677356
8.348816
0.03400951
81.1774
359.9068
-20.40408
0.8677434
8.352065
0.03552878
81.13869
359.887
-20.37902
0.8677615
8.359311
0.04004613
81.03804
359.8471
-20.36677
0.8677726
8.363278
0.04300284
80.97708
359.8287
-20.34304
0.8677958
8.372006
0.05077571
80.83299
359.7954
-20.34304
0.8677958
8.372006
0.05077571
80.83299
359.7954
-20.32033
0.8678098
8.381559
0.05949328
80.66544
359.7772
-20.29873
0.8678191
8.391831
0.06888378
80.48047
359.7721
-20.28831
0.8678181
8.397156
0.07319524
80.38345
359.7757
-20.26806
0.8677974
8.40794
0.07933992
80.1851
359.7995
-20.248
0.8677467
8.418346
0.07910806
79.99041
359.8545
-20.23792
0.8677182
8.423283
0.07663093
79.8973
359.891
-20.22783
0.8677025
8.428097
0.07363489
79.80702
359.924
-20.20742
0.867685
8.437067
0.06483324
79.63898
359.9934
-20.19711
0.8676873
8.441254
0.05977154
79.5611
0.02496766
-20.17649
0.8677823
8.448771
0.05380616
79.42029
0.08690792
-20.15586
0.8678678
8.455299
0.04841477
79.30061
0.1333549
-20.14556
0.8678842
8.458173
0.04528322
79.24944
0.152654
-20.13577
0.8679941
8.460878
0.04916807
79.21426
0.1674617
-20.12589
0.8680362
8.463301
0.04979638
79.1796
0.1792561
-20.10734
0.8682007
8.467758
0.06054671
79.11186
0.1717428
-20.08993
0.8682729
8.472091
0.07064991
79.03791
0.134901
-20.07427
0.868327
8.476486
0.08407252
78.96961
0.08979028
-20.06721
0.868342
8.478717
0.09162503
78.94116
0.06838577
-20.05436
0.8683078
8.483032
0.1036786
78.86287
0.02572582
-20.04901
0.8683249
8.485021
0.1130426
78.82519
0.01196681
-20.04419
0.8683709
8.486833
0.1234312
78.78439
0.007093181
-20.03987
0.8683881
8.488657
0.1317848
78.74659
-0.0003427844
-20.03287
0.8683274
8.491995
0.1423103
78.67425
359.9883
-20.02819
0.8683749
8.494441
0.1549349
78.61612
0.007721537
-20.0256
0.8684174
8.496027
0.1628731
78.58423
0.03732992
-20.02511
0.8684519
8.496454
0.1660306
78.58011
0.05519042
-20.02502
0.8684602
8.496691
0.1629617
78.5733
0.07770831
-20.02591
0.8685347
8.496213
0.1646829
78.57223
0.09466543
-20.02709
0.8685617
8.495637
0.1626952
78.5802
0.1056836
-20.02868
0.86858
8.494803
0.1597247
78.59234
0.1149633
-20.03304
0.8686105
8.492405
0.1523816
78.62855
0.1289101
-20.03927
0.8686822
8.488952
0.1484382
78.68849
0.1453189
-20.04664
0.8686268
8.484676
0.1374254
78.75571
0.1434044
-20.05096
0.8686111
8.482224
0.1332846
78.79912
0.1425338
-20.06064
0.868607
8.4767
0.126995
78.89378
0.1405079
-20.06064
0.868607
8.4767
0.126995
78.89378
0.1405079
-20.07233
0.8686644
8.470054
0.1290625
79.00605
0.148784
-20.08551
0.8686399
8.46248
0.1298984
79.12592
0.1501568
-20.09244
0.8685792
8.458501
0.1274388
79.19006
0.1449827
-20.10734
0.8684594
8.449948
0.1232493
79.32263
0.1320806
-20.12371
0.8683805
8.440993
0.1219124
79.4963
0.1266726
-20.13241
0.868351
8.4362
0.1221
79.5837
0.1251378
-20.15087
0.8682703
8.426069
0.1224762
79.76627
0.1193111
-20.15087
0.8682703
8.426069
0.1224762
79.76627
0.1193111
-20.17101
0.8681772
8.41579
0.1241357
79.95995
0.09321936
-20.19328
0.8681558
8.405371
0.1326738
80.1495
0.06059654
-20.21764
0.8681042
8.395223
0.1423004
80.34148
0.02049707
-20.23045
0.868036
8.390365
0.1447752
80.43412
-0.005307126
-20.25747
0.8679526
8.381164
0.1515261
80.60891
359.9455
-20.2717
0.8679438
8.376831
0.155959
80.69073
359.9218
-20.286
0.8678427
8.372568
0.1540892
80.75821
359.9008
-20.30058
0.8677244
8.368732
0.1499797
80.8295
359.8755
-20.33038
0.8675743
8.361814
0.1409448
80.93334
359.8264
-20.36092
0.8674682
8.356148
0.1287563
81.01954
359.7895
-20.39187
0.8674275
8.351194
0.1153532
81.06745
359.7737
-20.40718
0.8673791
8.348909
0.1047478
81.08144
359.7768
-20.43781
0.8673471
8.344561
0.08476674
81.09933
359.7989
-20.43781
0.8673471
8.344561
0.08476674
81.09933
359.7989
-20.46869
0.8674327
8.340253
0.0712892
81.10207
359.8331
-20.49956
0.8675146
8.335996
0.05941123
81.09978
359.8708
-20.51498
0.86755
8.333859
0.05414011
81.09739
359.8893
-20.5458
0.8676097
8.329536
0.04517537
81.09099
359.9231
-20.57658
0.8676541
8.325123
0.03838708
81.08313
359.9512
-20.59195
0.8676706
8.322877
0.03578411
81.07884
359.9629
-20.60731
0.8676836
8.320605
0.03367436
81.07436
359.973
-20.62266
0.867693
8.318309
0.03201847
81.06977
359.9816
-20.65333
0.8677025
8.313646
0.02991963
81.06025
-0.005427463
-20.68395
0.8677015
8.308904
0.02914243
81.05047
0.002892799
-20.71455
0.8676932
8.304096
0.02934925
81.0405
0.007576167
-20.72983
0.8676867
8.301673
0.02971796
81.03547
0.008875759
-20.76039
0.8676713
8.296798
0.03080343
81.02533
0.009956049
-20.76039
0.8676713
8.296798
0.03080343
81.02533
0.009956049
-20.79095
0.8676493
8.292375
0.03164636
81.00322
359.9883
-20.82146
0.8676213
8.288731
0.03148608
80.95747
359.9492
-20.85184
0.8675923
8.285988
0.0299494
80.88214
359.9052
-20.86702
0.8675776
8.285081
0.0289549
80.84233
359.8841
-20.89678
0.8675285
8.2842
0.02234881
80.73298
359.8421
-20.89678
0.8675285
8.2842
0.02234881
80.73298
359.8421
-20.92516
0.8674396
8.284396
0.00705071
80.59351
359.8187
-20.95224
0.8674577
8.285374
359.9921
80.41994
359.8103
-20.96535
0.8674744
8.286342
359.9844
80.33638
359.81
-20.98976
0.8675058
8.288865
359.9639
80.13818
359.8142
-21.01176
0.867545
8.291867
359.9395
79.94294
359.8511
-21.01176
0.867545
8.291867
359.9395
79.94294
359.8511
-21.03152
0.8676527
8.294777
359.9179
79.7505
359.908
-21.04928
0.8678465
8.297517
359.903
79.5748
359.9657
-21.05695
0.8678653
8.298779
359.8912
79.50037
0.003478514
-21.07118
0.8680675
8.300659
359.8805
79.3602
0.06686433
-21.08405
0.8683085
8.301697
359.8802
79.23421
0.1150775
-21.08405
0.8683085
8.301697
359.8802
79.23421
0.1150775
-21.09533
0.8684376
8.302103
359.8809
79.13595
0.1537913
-21.10514
0.8685409
8.301906
359.8845
79.05344
0.1730982
-21.11304
0.8685874
8.301476
359.8857
79.00512
0.1825358
-21.11638
0.8686124
8.300808
359.8871
78.97884
0.1914261
-21.11929
0.8686116
8.300371
359.8868
78.97879
0.193545
-21.12157
0.8685988
8.299751
359.885
78.96976
0.1910308
-21.12558
0.868661
8.298438
359.8884
78.96616
0.1738753
-21.12707
0.8687192
8.297817
359.8915
78.96701
0.1605412
-21.12956
0.8688342
8.29643
359.9007
78.96378
0.1314322
-21.13126
0.8689181
8.295336
359.9106
78.97405
0.1002953
-21.13165
0.8688593
8.294636
359.912
78.9785
0.06169058
-21.13165
0.8688593
8.294636
359.912
78.9785
0.06169058
-21.13105
0.8688852
8.294351
359.9156
78.9779
0.02966478
-21.1292
0.8689041
8.294561
359.9169
78.97449
0.004853738
-21.12499
0.8687886
8.295502
359.9052
78.96556
359.9835
-21.12235
0.8687776
8.296047
359.9014
78.95463
359.9781
-21.1155
0.8687303
8.297606
359.8912
78.94224
359.9745
-21.11135
0.8687291
8.298667
359.8869
78.94913
359.9773
-21.10174
0.8687454
8.300652
359.8815
78.94469
359.9871
-21.09576
0.8686678
8.301901
359.873
78.94582
359.991
-21.08252
0.8686516
8.304481
359.8656
78.93857
-0.002917586
-21.07529
0.8686543
8.305974
359.8644
78.94145
-0.001142652
-21.05875
0.8685727
8.309203
359.8575
78.937
0.001422491
-21.05875
0.8685727
8.309203
359.8575
78.937
0.001422491
-21.04042
0.8685743
8.312842
359.8588
78.9394
0.003179022
-21.01945
0.8684283
8.316458
359.854
78.94138
0.02089466
-20.99637
0.8683653
8.319844
359.8557
78.96327
0.0513097
-20.98421
0.8683627
8.321422
359.8599
78.99094
0.07156254
-20.97157
0.8683451
8.322914
359.8643
79.02446
0.08897428
-20.95849
0.8683337
8.324239
359.8699
79.06808
0.1093504
-20.93085
0.8682139
8.325994
359.8788
79.17241
0.159005
-20.90199
0.868121
8.326811
359.8931
79.32797
0.2073174
-20.87228
0.8680476
8.326226
359.9131
79.50443
0.2459674
-20.85741
0.8680452
8.32545
359.9272
79.60281
0.2584895
-20.82739
0.8679672
8.322772
359.9539
79.83753
0.2893785
-20.82739
0.8679672
8.322772
359.9539
79.83753
0.2893785
-20.79729
0.8678647
8.319889
359.9792
80.07681
0.2564551
-20.76668
0.8677142
8.31766
-0.003387714
80.32236
0.18663
-20.73612
0.8676368
8.315997
0.01372854
80.5284
0.09466772
-20.72037
0.8675225
8.315576
0.01478648
80.62879
0.05413057
-20.68954
0.8674854
8.315904
0.02563225
80.82715
359.9662
-20.68954
0.8674854
8.315904
0.02563225
80.82715
359.9662
-20.65858
0.867439
8.317359
0.03161815
80.99941
359.8959
-20.6277
0.8674322
8.319855
0.03659524
81.13866
359.8423
-20.61249
0.8674747
8.321438
0.04130993
81.19001
359.8183
-20.58224
0.8675337
8.325576
0.04826076
81.26092
359.7766
-20.55211
0.8675559
8.330336
0.05183384
81.30281
359.7701
-20.53707
0.867563
8.332662
0.05282404
81.32088
359.7876
-20.52202
0.8675688
8.334949
0.05334361
81.33909
359.8103
-20.49197
0.8675855
8.338949
0.05410458
81.38799
359.8806
-20.46204
0.867609
8.34206
0.05514861
81.46008
359.9617
-20.44715
0.8676233
8.343241
0.0559803
81.50618
0.001663387
-20.41764
0.8676558
8.344615
0.05904962
81.62286
0.07843378
-20.40305
0.8676741
8.344817
0.06130742
81.6929
0.1130561
-20.37445
0.8677126
8.344052
0.06806513
81.85783
0.1742245
-20.37445
0.8677126
8.344052
0.06806513
81.85783
0.1742245
-20.34664
0.8677396
8.341998
0.07615075
82.04985
0.2127477
-20.31977
0.8677595
8.338727
0.08532522
82.26234
0.2313768
-20.30669
0.8677634
8.33673
0.0897003
82.37398
0.2323588
-20.28079
0.8677284
8.332866
0.09288976
82.59789
0.1961628
-20.25502
0.8676776
8.329517
0.08959749
82.81317
0.130026
-20.25502
0.8676776
8.329517
0.08959749
82.81317
0.130026
-20.22924
0.8676438
8.326948
0.08176429
83.01263
0.0539612
-20.20344
0.867643
8.32515
0.07186814
83.19451
359.9868
-20.19051
0.8676517
8.324589
0.0664651
83.27811
359.9557
-20.16458
0.8676853
8.324323
0.05544338
83.42524
359.8976
-20.1386
0.8677364
8.325009
0.04551495
83.54584
359.8546
-20.1256
0.8677648
8.325717
0.04119528
83.59537
359.8367
-20.09963
0.8678231
8.327946
0.03426504
83.6673
359.8057
-20.09963
0.8678231
8.327946
0.03426504
83.6673
359.8057
-20.07372
0.8678757
8.330859
0.02965434
83.71005
359.7958
-20.04784
0.8679171
8.334099
0.02709237
83.73431
359.8105
-20.0349
0.867932
8.335784
0.026396
83.74223
359.8239
-20.00903
0.86795
8.339211
0.02589929
83.7528
359.8565
-19.98317
0.8679547
8.342646
0.026318
83.7589
359.8911
-19.97023
0.8679533
8.344346
0.02677217
83.76091
359.9077
-19.95729
0.86795
8.346029
0.02734932
83.76244
359.9232
-19.94436
0.8679451
8.347691
0.02800916
83.7636
359.9374
-19.91847
0.8679349
8.350528
0.02979252
83.77546
359.979
-19.89262
0.8679269
8.352624
0.0323692
83.80672
0.02757718
-19.86691
0.867922
8.353872
0.03590048
83.86289
0.07541651
-19.85413
0.8679212
8.354167
0.03803303
83.90075
0.09736751
-19.82884
0.8679227
8.353955
0.04337782
83.99857
0.1376351
-19.81637
0.8679262
8.353458
0.04661585
84.05776
0.1554464
-19.80399
0.8679239
8.352791
0.04957193
84.12259
0.1662671
-19.79177
0.8679278
8.35182
0.05321462
84.19366
0.178429
-19.76796
0.8679391
8.348986
0.06199463
84.35424
0.1985063
-19.744
0.8677795
8.345019
0.05873622
84.54557
0.228091
-19.72066
0.8677475
8.340109
0.06072931
84.742
0.2288083
-19.70912
0.8677659
8.337478
0.06240073
84.84374
0.2176934
-19.69773
0.8677915
8.334837
0.0643796
84.94952
0.20094
-19.68613
0.8677828
8.332069
0.06293623
85.05524
0.1857486
-19.66251
0.8676577
8.326244
0.05123871
85.26373
0.1641596
-19.65069
0.8676825
8.323324
0.04853937
85.37304
0.146355
-19.62613
0.8676747
8.317233
0.03621944
85.5959
0.1224106
-19.60062
0.8676346
8.310966
0.01982977
85.83447
0.1115952
-19.57464
0.8676678
8.305199
0.00816159
86.0703
0.07114726
-19.56126
0.8676881
8.302621
0.00226894
86.1867
0.04381754
-19.5475
0.8676732
8.300149
359.9943
86.30452
0.02517982
-19.5199
0.8677548
8.295779
359.988
86.50972
359.9696
-19.50597
0.8678002
8.294076
359.9868
86.61584
359.9422
-19.47707
0.8677723
8.291224
359.9786
86.7936
359.8958
-19.46256
0.8677764
8.290233
359.9774
86.87592
359.8733
-19.43402
0.8679048
8.289236
359.9871
87.02105
359.8276
-19.4054
0.8679487
8.289215
-0.003251103
87.13467
359.7979
-19.39109
0.8679463
8.289575
0.001399869
87.17905
359.786
-19.36251
0.8679174
8.291014
0.01057712
87.2401
359.7704
-19.36251
0.8679174
8.291014
0.01057712
87.2401
359.7704
-19.33396
0.8678685
8.292862
0.0189033
87.27766
359.7832
-19.3049
0.8677201
8.294865
0.01902893
87.29769
359.8142
-19.27647
0.8677156
8.296891
0.02773689
87.30897
359.8523
-19.26276
0.8677688
8.297911
0.03669161
87.31535
359.8716
-19.23579
0.867847
8.299736
0.05356086
87.31368
359.9077
-19.22268
0.8678654
8.300765
0.06148697
87.32479
359.9241
-19.20973
0.867841
8.301609
0.06702341
87.32464
359.9394
-19.19678
0.8677289
8.302423
0.06714238
87.32387
359.9527
-19.17275
0.8678347
8.303892
0.08646341
87.32172
359.9741
-19.14993
0.8678204
8.305182
0.09875958
87.31653
359.9892
-19.13949
0.867871
8.305785
0.1092147
87.31679
-0.005354791
-19.11936
0.8678471
8.3069
0.1200683
87.31862
0.0031028
-19.10153
0.8678995
8.307796
0.1346036
87.31642
0.007470587
-19.09323
0.8678725
8.308224
0.1379801
87.3176
0.008744534
-19.0787
0.8679411
8.308973
0.1507874
87.32097
0.00950444
-19.0787
0.8679411
8.308973
0.1507874
87.32097
0.00950444
-19.06703
0.8681238
8.309613
0.169282
87.32865
0.009004503
-19.05733
0.8681986
8.309997
0.1778144
87.32565
0.008132086
-19.05315
0.8681809
8.310249
0.1773645
87.331
0.007105832
-19.04651
0.8682215
8.310472
0.1773163
87.32736
0.00567436
-19.04194
0.8682851
8.310686
0.174474
87.32866
0.003527769
-19.04058
0.868349
8.310671
0.174193
87.32386
0.002974815
-19.03948
0.8684726
8.310694
0.1719378
87.32271
0.001726084
-19.03983
0.8685361
8.310701
0.1707469
87.32458
0.001011253
-19.04074
0.8685929
8.310641
0.1691194
87.3238
0.0007185137
-19.04388
0.8686484
8.310533
0.1619065
87.32808
0.0004382211
-19.04916
0.868713
8.310251
0.1563251
87.32596
-1.971691E-05
-19.0526
0.8687626
8.310099
0.1551075
87.32722
0.0001629846
-19.05664
0.8687618
8.30977
0.1529011
87.31693
0.0002693399
-19.0664
0.8687932
8.30937
0.1522525
87.32009
-0.0007678588
-19.07761
0.8686783
8.308906
0.1440689
87.3239
-0.0008462924
-19.08417
0.8686936
8.308578
0.1450001
87.32185
-0.0008311313
-19.09882
0.868598
8.307819
0.1433619
87.31585
-0.0003696918
-19.09882
0.868598
8.307819
0.1433619
87.31585
-0.0003696918
-19.1156
0.8685778
8.306961
0.1472309
87.30934
-0.0004177035
-19.12485
0.868575
8.306584
0.1507301
87.31239
-0.0008322587
-19.14495
0.8684598
8.305667
0.1544157
87.31314
-0.000431164
-19.16734
0.8683448
8.304659
0.1597641
87.31691
0.000353457
-19.17943
0.868342
8.304039
0.1654067
87.31361
0.0008061725
-19.20485
0.8681705
8.30284
0.1675856
87.31155
-0.0002439068
-19.23279
0.8680999
8.301572
0.1759506
87.31464
0.0002442405
-19.24731
0.8680095
8.301039
0.1762024
87.32598
0.0001290605
-19.26242
0.8679378
8.300273
0.1774624
87.32254
0.0007148721
-19.27823
0.8678745
8.299486
0.1799076
87.31927
0.0006108447
-19.3112
0.8677733
8.297938
0.1839511
87.32
0.0006529401
-19.3459
0.867642
8.296283
0.1840194
87.31808
0.0003055525
-19.38223
0.8675274
8.294532
0.1823289
87.31387
-8.353683E-05
-19.40046
0.8673941
8.293736
0.1743006
87.31847
-5.698299E-05
-19.43797
0.8672563
8.292047
0.162166
87.32393
-9.544961E-05
-19.45683
0.8671569
8.291112
0.1523691
87.32018
-2.640704E-05
-19.47647
0.8672176
8.290152
0.1520452
87.31702
-0.0001106975
-19.49621
0.8672332
8.289227
0.1490269
87.31715
-5.334102E-05
-19.53557
0.8671659
8.28742
0.1342699
87.32026
1.816275E-05
-19.57535
0.8671409
8.285569
0.119804
87.32167
4.747792E-05
-19.59528
0.8671259
8.284716
0.1117965
87.32829
0.0001211027
-19.63512
0.8671293
8.28299
0.09646235
87.34065
0.0004497192
-19.67493
0.8671503
8.28125
0.08220605
87.35226
0.000547683
-19.69482
0.867166
8.280378
0.07578944
87.35786
0.0005016924
-19.73459
0.8672022
8.278638
0.06467584
87.3688
0.0002779568
-19.73459
0.8672022
8.278638
0.06467584
87.3688
0.0002779568
-19.77431
0.8672386
8.2769
0.055983
87.3795
-3.833479E-05
-19.814
0.8672692
8.275169
0.04963322
87.39006
-0.0003754354
-19.83383
0.8672809
8.274306
0.04726736
87.3953
-0.0005354263
-19.87347
0.8672973
8.272587
0.04396539
87.40577
-0.0008230113
-19.91308
0.8673034
8.270875
0.04226105
87.41618
-0.001058104
-19.93287
0.867303
8.270022
0.04189426
87.42138
-0.001154115
-19.95266
0.8673007
8.269174
0.04179239
87.42659
-0.001237839
-19.9713
0.8671403
8.26815
0.02862106
87.41486
-0.0009831304
-20.00208
0.8666922
8.266526
359.9619
87.3991
-0.001377717
-20.02397
0.8664517
8.265418
359.8664
87.39085
-0.001758225
-20.03677
0.8665353
8.264789
359.7604
87.38698
-0.001781428
-20.04095
0.8668666
8.264587
359.7219
87.38596
-0.001684382
-20.04242
0.8672985
8.26452
359.631
87.38578
-0.001742468
-20.04263
0.8678619
8.264511
359.6173
87.38578
-0.001634439
-20.04266
0.8684102
8.264512
359.6153
87.38577
-0.001495552
-20.04255
0.8689013
8.264519
359.6223
87.38577
-0.001344042
-20.04204
0.8696361
8.264547
359.6555
87.38576
-0.00102332
-20.04129
0.8700213
8.264586
359.7043
87.38577
-0.0007229691
-20.04043
0.8701106
8.264629
359.7599
87.38576
-0.0004659778
-20.04
0.8700716
8.264651
359.7882
87.38574
-0.000358594
-20.03915
0.8698833
8.264692
359.8432
87.38574
-0.0001876775
-20.03915
0.8698833
8.264692
359.8432
87.38574
-0.0001876775
-20.03839
0.8696146
8.264729
359.8932
87.38573
-6.562396E-05
-20.03773
0.8693286
8.264761
359.9359
87.38574
1.094565E-05
-20.03745
0.8691933
8.264774
359.9542
87.38575
3.700576E-05
-20.03698
0.8689555
8.264796
359.9845
87.38576
6.587648E-05
-20.03664
0.8687742
8.264812
0.006463905
87.38575
7.672457E-05
-20.03652
0.8687065
8.264818
0.01455609
87.38576
7.604839E-05
-20.03642
0.868654
8.264823
0.02087548
87.38575
7.492198E-05
-20.03635
0.868616
8.264825
0.02556525
87.38573
6.962925E-05
-20.03626
0.868577
8.26483
0.03143653
87.38573
5.012086E-05
-20.03626
0.868577
8.26483
0.03143653
87.38573
5.012086E-05
-20.03628
0.8685999
8.264829
0.03014933
87.38573
3.892841E-05
-20.03634
0.8686478
8.264825
0.0261643
87.38573
2.675213E-05
-20.03643
0.8687095
8.264821
0.02059324
87.38573
1.545047E-05
-20.03647
0.8687427
8.264819
0.01750686
87.38573
1.166768E-05
-20.03652
0.8687764
8.264816
0.01435461
87.38573
8.7245E-06
-20.0368
0.8688313
8.264804
0.01343796
87.38573
5.567872E-06
-20.03753
0.8688998
8.26477
0.01109918
87.38564
2.826874E-06
-20.03886
0.869
8.264708
0.01354453
87.38557
2.274923E-06
-20.04069
0.8690504
8.26462
0.0164785
87.38539
1.156513E-05
-20.04175
0.8690558
8.264561
0.01765154
87.38463
6.47117E-05
-20.04384
0.8689573
8.264421
0.01390877
87.38058
-0.0001911373
-20.04521
0.8689903
8.264364
0.0166075
87.38088
-0.0001763901
-20.04657
0.8690131
8.264306
0.01861287
87.38108
-0.0001320931
-20.04933
0.8690066
8.264184
0.01948322
87.3813
-4.684083E-05
-20.05071
0.8689919
8.264122
0.01890082
87.38136
-1.164517E-05
-20.05349
0.8689594
8.263996
0.01662273
87.38142
3.778699E-05
-20.05626
0.8689348
8.26387
0.01363
87.38144
6.336267E-05
-20.05765
0.8689266
8.263806
0.01205253
87.38145
6.89343E-05
-20.05903
0.8689216
8.263743
0.01048891
87.38146
7.355126E-05
-20.06042
0.8689189
8.26368
0.008969903
87.38146
7.238858E-05
-20.06317
0.8689196
8.263554
0.00616742
87.38146
6.599716E-05
-20.06592
0.8689255
8.263429
0.003772067
87.38147
5.53523E-05
-20.06729
0.8689291
8.263366
0.002744781
87.38147
4.927176E-05
-20.07002
0.8689371
8.263242
0.001040649
87.38147
3.773821E-05
-20.071
0.8687277
8.263196
359.9805
87.38144
4.120792E-05
-20.07112
0.8687257
8.26319
359.9731
87.38144
3.566756E-05
-20.0712
0.8687583
8.263186
359.968
87.38144
3.100599E-05
-20.07128
0.8688622
8.263183
359.9627
87.38144
2.405241E-05
-20.07129
0.8689166
8.263183
359.9618
87.38143
2.211141E-05
-20.07128
0.8690086
8.263183
359.9625
87.38143
1.527955E-05
-20.07124
0.869069
8.263184
359.9653
87.38143
8.767856E-06
-20.07121
0.8690872
8.263186
359.9672
87.38142
8.09084E-06
-20.07118
0.8690982
8.263186
359.9693
87.38142
4.744114E-06
-20.07111
0.8691026
8.26319
359.9738
87.38143
2.324532E-06
-20.07107
0.8690978
8.263192
359.9762
87.38143
5.219359E-07
-20.071
0.86908
8.263196
359.9806
87.38143
-5.169333E-07
-20.07097
0.8690685
8.263198
359.9827
87.38144
-1.758407E-06
-20.07091
0.8690438
8.263201
359.9865
87.38142
-2.588418E-06
-20.07087
0.8690201
8.263204
359.9896
87.38144
-2.432504E-06
-20.07084
0.8690096
8.263204
359.9909
87.38143
-2.711815E-06
-20.07083
0.8690001
8.263205
359.9921
87.38143
-2.693056E-06
-20.07081
0.8689919
8.263205
359.993
87.38143
-4.370587E-06
-20.07079
0.8689793
8.263206
-0.005498926
87.38143
-2.400196E-06
-20.07078
0.8689719
8.263206
-0.004616776
87.38143
-2.725781E-06
-20.07077
0.8689699
8.263206
-0.004360567
87.38144
-1.201244E-06
-20.07077
0.8689689
8.263206
-0.004156926
87.38143
-3.026561E-07
-20.07077
0.8689706
8.263206
-0.004273536
87.38143
-7.112001E-07
-20.07077
0.8689725
8.263206
-0.004417937
87.38143
-5.121391E-07
-20.07078
0.8689747
8.263206
-0.004608269
87.38143
-5.027593E-07
-20.07078
0.8689772
8.263206
-0.004827609
87.38143
-1.047832E-06
-20.07079
0.8689826
8.263206
-0.005324854
87.38143
-2.313693E-07
-20.0708
0.8689882
8.263206
359.9942
87.38142
1.057003E-06
-20.0708
0.8689905
8.263206
359.9939
87.38143
-5.490331E-07
-20.07134
0.8690503
8.263181
-0.00123372
87.38141
-2.000511E-07
-20.07169
0.8690113
8.26311
-0.001972168
87.37706
-0.0001636035
-20.07169
0.8690113
8.26311
-0.001972168
87.37706
-0.0001636035
-20.0728
0.8690259
8.263139
0.003050191
87.38251
-0.0002540379
-20.07453
0.8690408
8.263149
0.01024131
87.39104
0.0005038565
-20.07545
0.8689933
8.263105
0.01095526
87.39154
0.0005106229
-20.07755
0.8689649
8.263064
0.01449521
87.39594
0.0001254547
-20.07935
0.8688583
8.26299
0.01037479
87.39812
0.0004372213
-20.08018
0.8688135
8.262942
0.007431228
87.39789
0.0003416474
-20.08103
0.8687924
8.262905
0.005191222
87.39832
0.0002334966
-20.08282
0.8687959
8.262849
0.002535034
87.40154
0.0002366661
-20.08363
0.8687853
8.262801
4.366637E-06
87.40109
0.0001045529
-20.08444
0.8687856
8.262757
-0.00211221
87.40079
-3.216221E-05
-20.08606
0.8688037
8.262675
-0.005405372
87.40046
-0.0002351246
-20.08767
0.8688306
8.262598
359.9922
87.40031
-0.0003345508
-20.08927
0.868856
8.262524
359.9906
87.40025
-0.0003612826
-20.09007
0.8688668
8.262487
359.9901
87.40024
-0.0003555446
-20.09168
0.8688837
8.262415
359.9893
87.40022
-0.0003168221
-20.09168
0.8688837
8.262415
359.9893
87.40022
-0.0003168221
-20.09329
0.8688942
8.262342
359.9889
87.40021
-0.0002589781
-20.09489
0.8688994
8.26227
359.9888
87.40019
-0.0001987025
-20.09569
0.8689004
8.262235
359.9889
87.40019
-0.0001700565
-20.0973
0.8688997
8.262162
359.9892
87.40019
-0.0001157989
-20.09891
0.8688969
8.262091
359.9896
87.4002
-7.144018E-05
-20.09971
0.8688951
8.262054
359.9898
87.40019
-5.460899E-05
-20.10052
0.8688928
8.262018
359.99
87.40019
-4.033497E-05
-20.10133
0.8688906
8.261982
359.9902
87.40019
-2.731284E-05
-20.10294
0.8688862
8.261909
359.9907
87.40018
-8.158373E-06
-20.10457
0.8688819
8.261835
359.9911
87.40018
4.727021E-06
-20.10538
0.8688801
8.261798
359.9913
87.40018
8.730336E-06
-20.107
0.8688767
8.261724
359.9915
87.40018
1.241807E-05
-20.10863
0.8688742
8.261649
359.9918
87.40018
1.342609E-05
-20.10945
0.8688733
8.261612
359.9919
87.40018
1.326809E-05
-20.11027
0.8688725
8.261575
359.9919
87.40018
1.351572E-05
-20.11109
0.8688719
8.261538
359.992
87.40018
1.223673E-05
-20.11273
0.8688711
8.261464
359.9921
87.40018
1.007144E-05
-20.11438
0.868871
8.261389
359.9921
87.40018
8.269681E-06
-20.11603
0.868871
8.261314
359.9921
87.40018
7.225392E-06
-20.11685
0.8688711
8.261277
359.9921
87.40018
5.698771E-06
-20.11851
0.8688716
8.261203
359.992
87.40018
3.352562E-06
-20.11851
0.8688716
8.261203
359.992
87.40018
3.352562E-06
-20.11874
0.86876
8.261185
359.979
87.40076
0.000125614
-20.11882
0.8688182
8.261179
359.9742
87.40076
-4.973148E-05
-20.11883
0.8688538
8.261177
359.973
87.40077
-0.0001101935
-20.11884
0.8689195
8.261175
359.9724
87.40078
-0.0001829485
-20.11883
0.8689674
8.261175
359.9732
87.40079
-0.0002036475
-20.11882
0.8689836
8.261175
359.974
87.40079
-0.0002020317
-20.11879
0.8690023
8.261177
359.9761
87.40081
-0.0001807332
-20.11879
0.8690023
8.261177
359.9761
87.40081
-0.0001807332
-20.11875
0.8690062
8.261178
359.9785
87.40081
-0.0001486692
-20.11871
0.8690001
8.261179
359.981
87.4008
-0.0001144974
-20.1187
0.8689947
8.26118
359.9821
87.4008
-9.872425E-05
-20.11866
0.8689815
8.261181
359.9844
87.4008
-6.77958E-05
-20.11863
0.8689677
8.261182
359.9863
87.4008
-4.295048E-05
-20.11862
0.868961
8.261182
359.9872
87.4008
-3.308206E-05
-20.11861
0.868955
8.261183
359.9879
87.4008
-2.366387E-05
-20.1186
0.8689495
8.261183
359.9886
87.4008
-1.633968E-05
-20.11858
0.8689406
8.261184
359.9896
87.40081
-5.37694E-06
-20.11857
0.8689349
8.261184
359.9903
87.4008
2.263251E-06
-20.11857
0.8689327
8.261184
359.9905
87.4008
4.443958E-06
-20.11856
0.8689306
8.261184
359.9908
87.40081
7.510957E-06
-20.11856
0.8689307
8.261184
359.9908
87.40081
8.645292E-06
-20.11856
0.8689313
8.261185
359.9908
87.40081
9.41027E-06
-20.11856
0.8689321
8.261185
359.9907
87.40081
6.668022E-06
-20.11856
0.8689333
8.261184
359.9906
87.40081
7.478439E-06
-20.11857
0.868936
8.26119
359.9904
87.40083
0.0004248211
-20.11857
0.8689392
8.261201
359.9901
87.40089
0.001172213
-20.11857
0.8689427
8.261214
359.9899
87.40096
0.002144428
-20.11857
0.8689445
8.261221
359.9898
87.40101
0.002706853
-20.11857
0.8689464
8.261229
359.9897
87.40105
0.003278696
-20.11858
0.8689499
8.261245
359.9895
87.40117
0.004531249
-20.11858
0.8689532
8.261263
359.9894
87.40133
0.005887344
-20.11858
0.8689532
8.261263
359.9894
87.40133
0.005887344
-20.11858
0.868956
8.261279
359.9894
87.40149
0.007188573
-20.11858
0.8689584
8.261294
359.9894
87.40168
0.00844161
-20.11858
0.8689595
8.261301
359.9894
87.40178
0.009039019
-20.11858
0.8689603
8.26131
359.9894
87.40199
0.00988795
-20.11908
0.869035
8.261489
-0.004516851
87.40644
0.0008759459
-20.11909
0.8690098
8.261487
-0.005569051
87.40569
0.002084715
-20.11905
0.8690094
8.2615
359.994
87.40782
0.002367248
-20.11829
0.8689364
8.26129
359.9865
87.40909
0.01202483
-20.1177
0.8688956
8.261155
359.9819
87.4142
0.01914501
-20.11691
0.8688818
8.260984
359.9777
87.4222
0.02391613
-20.11477
0.8689073
8.260449
359.9709
87.4388
0.02959375
-20.11133
0.8688607
8.259664
359.9583
87.47173
0.04548133
-20.10652
0.8688405
8.258424
359.9456
87.50854
0.05903329
-20.10652
0.8688405
8.258424
359.9456
87.50854
0.05903329
-20.10017
0.8687996
8.256873
359.9315
87.56757
0.07613105
-20.0917
0.8687544
8.254789
359.9153
87.65202
0.09872496
-20.08695
0.8687488
8.253513
359.9095
87.69405
0.1060732
-20.07623
0.8687268
8.250619
359.8997
87.79048
0.1179132
-20.06381
0.8687142
8.247308
359.8935
87.91373
0.1266112
-20.057
0.8686991
8.245386
359.8914
87.97303
0.1280345
-20.04989
0.8687234
8.243404
359.8924
88.03838
0.1254229
-20.04233
0.8686858
8.241274
359.8914
88.10599
0.1275332
-20.0257
0.8685798
8.236564
359.8883
88.25419
0.1339735
-20.00812
0.8685545
8.231534
359.8948
88.413
0.1269428
-19.99883
0.8685389
8.228952
359.8988
88.50539
0.124224
-19.97882
0.8684399
8.223237
359.9033
88.69112
0.123953
-19.95718
0.8683224
8.216957
359.9068
88.8883
0.1268488
-19.94578
0.8682476
8.213644
359.9079
88.99522
0.1301836
-19.9341
0.8681914
8.210111
359.9104
89.09557
0.1307215
-19.92192
0.8681124
8.206549
359.9111
89.21229
0.1351631
-19.89641
0.867969
8.19896
359.9128
89.45677
0.144472
-19.86972
0.8679209
8.190655
359.92
89.69624
0.1412186
-19.84167
0.8678586
8.181904
359.9268
89.95511
0.1382456
-19.82715
0.8678247
8.177388
359.9301
90.09583
0.1382784
-19.79749
0.8677931
8.167968
359.9402
90.37772
0.1308645
-19.79749
0.8677931
8.167968
359.9402
90.37772
0.1308645
-19.7665
0.8677273
8.158031
359.9475
90.67438
0.1272166
-19.73427
0.8676136
8.147477
359.9517
90.97954
0.1291692
-19.71761
0.8675389
8.141929
359.9521
91.13417
0.1317283
-19.68354
0.8675092
8.130555
359.9582
91.46129
0.128739
-19.64835
0.867438
8.118526
359.9626
91.79257
0.1281714
-19.63027
0.8674024
8.112332
359.9641
91.96965
0.1305904
-19.61212
0.8673944
8.10597
359.968
92.14168
0.1282133
-19.59336
0.867319
8.099365
359.9669
92.31993
0.1337181
-19.55499
0.8672134
8.08575
359.9658
92.69633
0.1444891
-19.51565
0.8671877
8.071387
359.9683
93.08048
0.1493941
-19.47577
0.8672428
8.056546
359.9768
93.47764
0.1421086
-19.45557
0.8672557
8.04895
359.981
93.68134
0.1384983
-19.43534
0.8672818
8.041194
359.9866
93.88016
0.1315931
-19.41516
0.8673065
8.033436
359.9934
94.08231
0.1227388
-19.37437
0.8672903
8.017298
0.003500715
94.47009
0.109707
-19.33357
0.8672722
8.001043
0.01492395
94.8769
0.09972644
-19.31322
0.8672576
7.992827
0.02079929
95.08244
0.0954752
-19.27286
0.8672303
7.976132
0.03381119
95.4792
0.08294137
-19.23337
0.8672751
7.959483
0.05279385
95.87032
0.06030213
-19.21376
0.8672377
7.951107
0.05915817
96.06494
0.05519757
-19.19452
0.8672292
7.942766
0.06760378
96.25246
0.04529535
-19.17548
0.8672231
7.934445
0.07586818
96.43816
0.03526571
-19.13799
0.8671886
7.917892
0.09003559
96.80449
0.0187005
-19.10128
0.867142
7.901455
0.1010525
97.16414
0.006654863
-19.06537
0.8670976
7.885137
0.109067
97.51716
-0.001616487
-19.0477
0.8670784
7.877022
0.1120062
97.69129
-0.004616349
-19.01294
0.8670502
7.860881
0.1160762
98.03461
359.9912
-19.01294
0.8670502
7.860881
0.1160762
98.03461
359.9912
-18.97894
0.8670386
7.84486
0.1180307
98.37161
359.9888
-18.94569
0.8670453
7.828959
0.1182439
98.70229
359.9874
-18.92933
0.8670548
7.821053
0.1178196
98.86525
359.9871
-18.89717
0.8670839
7.805334
0.1160982
99.18656
359.9866
-18.86573
0.8671232
7.789742
0.1135236
99.50169
359.9863
-18.85026
0.8671457
7.781995
0.1120161
99.65695
359.9862
-18.83498
0.8671693
7.774282
0.1104135
99.81068
359.9861
-18.81986
0.8671937
7.766602
0.1087415
99.96288
359.986
-18.79013
0.8672439
7.751348
0.1053031
100.2627
359.9856
-18.76107
0.8672937
7.736239
0.1018683
100.5565
359.9852
-18.73266
0.8673414
7.721281
0.09857601
100.8444
359.9847
-18.7187
0.8673645
7.71386
0.09701204
100.9861
359.9844
-18.69125
0.867408
7.699138
0.09407894
101.2651
359.9838
-18.69125
0.867408
7.699138
0.09407894
101.2651
359.9838
-18.66442
0.8674483
7.684578
0.09142976
101.5383
359.9832
-18.6382
0.8674856
7.670187
0.08906147
101.8057
359.9826
-18.62516
0.8674952
7.663021
0.08663913
101.9437
359.9854
-18.59971
0.8675322
7.648851
0.08436754
102.2104
359.9857
-18.5741
0.8675294
7.634434
0.07663344
102.4778
-0.00511745
-18.5741
0.8675294
7.634434
0.07663344
102.4778
-0.00511745
-18.54831
0.8674973
7.61981
0.06517758
102.7492
0.008313892
-18.53535
0.8675138
7.612391
0.0603931
102.8862
0.01351609
-18.50886
0.8674624
7.597146
0.04453196
103.1676
0.0329332
-18.48181
0.8674717
7.581307
0.03055679
103.4529
0.0494698
-18.45399
0.8674617
7.564934
0.01567536
103.7603
0.07004949
-18.43987
0.8675002
7.556459
0.01087441
103.9111
0.07367563
-18.41057
0.8674684
7.538723
-0.004735856
104.2186
0.08916237
-18.41057
0.8674684
7.538723
-0.004735856
104.2186
0.08916237
-18.38009
0.8674227
7.520026
359.9799
104.5383
0.1075582
-18.3481
0.867411
7.501207
359.9673
104.8706
0.09045042
-18.31388
0.8673581
7.482218
359.9515
105.1962
0.05313858
-18.29618
0.8673684
7.472966
359.947
105.3524
0.02102706
-18.2775
0.8673216
7.463452
359.9374
105.5058
0.0002334739
-18.25807
0.8672309
7.454014
359.9254
105.6569
359.9772
-18.2177
0.8672683
7.435833
359.9142
105.9464
359.9161
-18.17506
0.8673277
7.417946
359.9074
106.1869
359.8589
-18.15252
0.867283
7.409162
359.9002
106.2968
359.8329
-18.1057
0.8673029
7.392374
359.8936
106.4776
359.7747
-18.05624
0.8673189
7.376363
359.8893
106.6127
359.7276
-18.03076
0.8673398
7.368639
359.8898
106.6645
359.7121
-17.97758
0.867313
7.353042
359.8864
106.7398
359.7097
-17.97758
0.867313
7.353042
359.8864
106.7398
359.7097
-17.92203
0.8672606
7.337193
359.8827
106.7955
359.7377
-17.86477
0.8673009
7.320847
359.8868
106.8256
359.7821
-17.83515
0.8672578
7.312426
359.8854
106.8389
359.8065
-17.77492
0.8672918
7.295204
359.8913
106.8573
359.8551
-17.71267
0.8673019
7.277486
359.8967
106.8878
359.8994
-17.68114
0.8673439
7.268365
359.9027
106.8962
359.919
-17.64875
0.8672968
7.258994
359.9026
106.9077
359.9366
-17.61574
0.8672251
7.249253
359.9001
106.9087
359.9521
-17.54847
0.8671414
7.228396
359.897
106.9337
0.01649932
-17.48069
0.8672416
7.205578
359.9073
107.0029
0.1095963
-17.41189
0.8672696
7.179963
359.9152
107.1369
0.2254138
-17.41189
0.8672696
7.179963
359.9152
107.1369
0.2254138
-17.34288
0.8673112
7.151673
359.9275
107.3349
0.3312997
-17.3083
0.8673101
7.136421
359.9335
107.4609
0.3839879
-17.23969
0.8673555
7.103334
359.9515
107.7753
0.491901
-17.17135
0.8672755
7.066817
359.9646
108.1771
0.5907515
-17.13766
0.8672649
7.047355
359.9741
108.403
0.6308137
-17.07231
0.8673549
7.005947
0.005398998
108.9117
0.7026742
-17.00812
0.8672616
6.961604
0.0279895
109.5024
0.745051
-17.00812
0.8672616
6.961604
0.0279895
109.5024
0.745051
-16.9451
0.8671978
6.915077
0.04946015
110.1453
0.7295479
-16.9136
0.8671101
6.890997
0.05437541
110.4812
0.7100667
-16.85098
0.8670071
6.84193
0.06343574
111.1803
0.6426743
-16.78824
0.8669031
6.791196
0.06425096
111.8965
0.5678906
-16.72471
0.8669059
6.740002
0.06182455
112.6071
0.4382545
-16.69219
0.8669032
6.714569
0.0567411
112.9587
0.3544998
-16.65894
0.8668652
6.689106
0.0468247
113.3137
0.2797953
-16.5901
0.8667928
6.638484
0.0193193
113.9812
0.1138939
-16.55438
0.8667675
6.613404
0.002838985
114.3042
0.033808
-16.48022
0.8667861
6.564003
359.9696
114.9109
359.879
-16.40162
0.8668898
6.518399
359.9423
115.386
359.6081
-16.36071
0.8669521
6.49725
359.9318
115.5636
359.4686
-16.31906
0.8670439
6.476908
359.9253
115.7028
359.3552
-16.23341
0.8672059
6.438715
359.9189
115.8616
359.1783
-16.18951
0.8672551
6.420691
359.9177
115.8844
359.1174
-16.10002
0.8674031
6.387387
359.9263
115.8246
359.0328
-16.05433
0.8674165
6.37184
359.9305
115.7366
359.0033
-15.96175
0.8674607
6.343818
359.9484
115.464
358.9609
-15.86752
0.8674656
6.319842
359.9724
115.0768
358.94
-15.86752
0.8674656
6.319842
359.9724
115.0768
358.94
-15.77248
0.8674822
6.299623
0.004047367
114.575
358.9489
-15.72464
0.8674505
6.290901
0.01935852
114.2783
358.9532
-15.62882
0.8674039
6.276576
0.05399857
113.6207
358.9758
-15.53274
0.8673098
6.265532
0.08506878
112.8857
359.0313
-15.43616
0.8671655
6.256681
0.1060495
112.0985
359.123
-15.38747
0.8670542
6.25282
0.1100874
111.6855
359.1729
-15.29429
0.8721309
6.238992
359.9931
110.907
358.9799
-15.29429
0.8721309
6.238992
359.9931
110.907
358.9799
-15.20591
0.8807282
6.217886
359.6676
110.2415
358.5164
-15.11812
0.8878164
6.19951
359.3218
109.5398
357.9922
-15.0741
0.8908838
6.191782
359.1555
109.1525
357.7253
-14.9843
0.8956678
6.178339
358.8535
108.3235
357.2993
-14.88371
0.8836854
6.181363
359.0779
107.503
358.493
-14.88371
0.8836854
6.181363
359.0779
107.503
358.493
-14.78142
0.875744
6.180887
359.3664
106.7327
359.3106
-14.67837
0.8704962
6.175889
359.6509
106.0202
359.8819
-14.62624
0.8685315
6.171696
359.7737
105.692
0.09471307
-14.52119
0.8656638
6.159504
359.9738
105.0945
0.4210202
-14.41533
0.8640003
6.142913
0.1161445
104.5656
0.6231781
-14.36224
0.8635216
6.133019
0.1671718
104.3241
0.6929756
-14.25517
0.8629885
6.110003
0.2247868
103.9315
0.7966158
-14.20143
0.8629569
6.097126
0.2387166
103.7679
0.8236847
-14.153
0.879306
6.075917
359.9592
103.7028
359.3236
-14.10231
0.8833105
6.060283
359.7196
103.4857
358.8363
-13.99907
0.89028
6.028216
359.2324
103.1375
358.1515
-13.89352
0.8963509
5.996309
358.7925
102.8635
357.6523
-13.83939
0.8987415
5.980623
358.6009
102.7637
357.4846
-13.72823
0.9008195
5.950553
358.3335
102.6361
357.439
-13.61253
0.8989832
5.922804
358.2538
102.6013
357.7394
-13.55301
0.89671
5.909854
358.2816
102.6112
357.9862
-13.42696
0.8837028
5.894385
358.6837
102.6478
359.1101
-13.42696
0.8837028
5.894385
358.6837
102.6478
359.1101
-13.29838
0.8749905
5.876453
359.1177
102.6869
359.7605
-13.23398
0.8709154
5.866877
359.2958
102.7105
0.01706566
-13.12158
0.9017007
5.808783
1.113986
101.7772
358.611
-13.01451
0.9048055
5.759638
1.886551
100.8703
358.1021
-12.90843
0.9010257
5.719187
2.23601
100.0735
357.9128
-12.85429
0.8989896
5.700995
2.330399
99.71345
357.8528
-12.74514
0.895703
5.668797
2.423998
99.10195
357.7873
-12.68993
0.8944882
5.654484
2.430597
98.84329
357.7769
-12.63436
0.8935784
5.641297
2.41751
98.61977
357.7772
-12.58045
0.8828245
5.636563
2.006488
98.48901
358.265
-12.46872
0.8712285
5.627387
1.426211
98.32159
358.9113
-12.3497
0.8800668
5.615439
1.506865
98.46017
358.5557
-12.2924
0.8732193
5.615421
1.150687
98.60478
358.9423
-12.17154
0.8798048
5.609398
1.140521
99.04639
358.7319
-12.05372
0.867757
5.610214
0.4860315
99.48508
359.547
-11.99383
0.865063
5.607088
0.270518
99.61253
359.8473
-11.86932
0.8712494
5.601258
0.3056192
100.2307
359.6542
-11.86932
0.8712494
5.601258
0.3056192
100.2307
359.6542
-11.74558
0.8702519
5.596488
0.09731927
100.7776
359.9341
-11.68621
0.8582007
5.599197
359.604
101.0265
0.6228234
-11.55479
0.8823746
5.586103
0.2320373
101.7087
359.9503
-11.43302
0.8587835
5.583778
359.3652
102.0872
1.00958
-11.30627
0.8556366
5.575906
359.1871
102.6288
1.289892
-11.23543
0.8855717
5.562313
0.1626834
103.1603
0.0748641
-11.11217
0.8577473
5.557587
359.2512
103.5586
1.17093
-11.04153
0.8852333
5.542273
0.175085
104.0322
0.006187613
-10.97985
0.8687792
5.539763
359.6626
104.2432
0.5963935
-10.91161
0.8835243
5.528721
0.2018177
104.713
359.8387
-10.78405
0.8714457
5.521664
359.8648
105.4544
0.2959733
-10.65431
0.8648463
5.514606
359.6635
106.3492
0.7031961
-10.5278
0.8430457
5.510022
358.9417
107.04
1.740454
-10.45486
0.8841097
5.490343
0.268399
107.6344
0.2494966
-10.39363
0.8638521
5.488351
359.6269
107.8023
0.9442048
-10.26498
0.8552533
5.480875
359.3698
108.3783
1.125631
-10.19466
0.8815026
5.468134
0.2630913
108.8587
359.9111
-10.06992
0.8533955
5.467777
359.3828
109.0235
0.8239627
-9.939142
0.8635367
5.457259
359.7846
109.2582
0.1377784
-9.877079
0.8507969
5.45893
359.3751
109.1594
0.6107315
-9.74553
0.8769992
5.438738
0.3031887
109.0262
359.4757
-9.74553
0.8769992
5.438738
0.3031887
109.0262
359.4757
-9.618508
0.878774
5.417665
0.4795895
108.5041
359.1752
-9.490059
0.8820255
5.390001
0.6920474
107.8872
358.9138
-9.36109
0.8811571
5.360632
0.739129
107.2632
358.9147
-9.296489
0.8796393
5.345521
0.7115534
106.9598
359.0095
-9.1678
0.8624154
5.325428
0.08414923
106.5022
0.0342702
-9.102196
0.8587621
5.312954
359.9182
106.3198
0.3811869
-9.035539
0.8569764
5.298901
359.806
106.1735
0.6391017
-8.968373
0.8565062
5.283463
359.7364
106.0477
0.8197434
-8.832951
0.8577819
5.249153
359.6794
105.8354
0.995851
-8.695844
0.8601213
5.211401
359.6759
105.6673
0.9967716
-8.556994
0.8624341
5.171321
359.694
105.5318
0.8944259
-8.486814
0.8634205
5.150677
359.7053
105.4751
0.8219603
-8.345183
0.865036
5.108601
359.7325
105.3738
0.6595345
-8.345183
0.865036
5.108601
359.7325
105.3738
0.6595345
-8.201533
0.8661416
5.065873
359.7598
105.2903
0.4963541
-8.055816
0.8668299
5.022824
359.7861
105.2209
0.3491932
-7.982246
0.8670703
5.00127
359.7999
105.1911
0.2844146
-7.833365
0.8673326
4.958077
359.8235
105.1387
0.1745807
-7.682508
0.8674397
4.914905
359.8463
105.095
0.09085583
-7.682508
0.8674397
4.914905
359.8463
105.095
0.09085583
-7.529917
0.8674597
4.871812
359.8689
105.0583
0.03079378
-7.375846
0.8674339
4.828823
359.8915
105.0275
359.9906
-7.220524
0.8673846
4.785933
359.9136
105.0014
359.9662
-7.14236
0.8673321
4.764493
359.9228
104.9897
359.9587
-6.985662
0.8672807
4.72176
359.9443
104.9693
359.9506
-6.907208
0.8672864
4.70047
359.9569
104.9604
359.9493
-6.828385
0.8672341
4.679139
359.9653
104.9519
359.9493
-6.670527
0.8672023
4.637988
359.9865
104.9088
359.8914
-6.591562
0.8672331
4.618626
0.0003616599
104.8672
359.8301
-6.433351
0.8672664
4.583996
0.02978316
104.7067
359.6304
-6.275361
0.8672708
4.554872
0.06215097
104.4386
359.4156
-6.275361
0.8672708
4.554872
0.06215097
104.4386
359.4156
-6.117898
0.867224
4.531414
0.09466387
104.0519
359.2207
-6.039457
0.8671819
4.521967
0.1106225
103.8107
359.1288
-5.884286
0.8671654
4.508452
0.1515841
103.2318
358.9577
-5.730216
0.8670039
4.499417
0.1795047
102.5547
358.913
-5.576544
0.8667924
4.491732
0.1886862
101.8317
359.029
-5.499961
0.8667412
4.487593
0.1898055
101.4715
359.1456
-5.423088
0.8666518
4.483088
0.1836416
101.1137
359.2715
-5.269961
0.8666276
4.472245
0.1712085
100.4267
359.5646
-5.193307
0.8666094
4.465831
0.160418
100.1103
359.7154
-5.04073
0.8666977
4.449851
0.1423843
99.53286
0.02557538
-4.888801
0.8668131
4.430033
0.1247387
99.06219
0.2973495
-4.813004
0.8668646
4.419079
0.1158886
98.86314
0.3924672
-4.737284
0.866915
4.407671
0.1072916
98.68572
0.4577848
-4.661478
0.8669385
4.395926
0.09714148
98.52895
0.4958043
-4.509993
0.8670115
4.371749
0.07970332
98.26044
0.5059539
-4.358576
0.8671021
4.347142
0.06607689
98.04052
0.455943
-4.20717
0.867186
4.322548
0.05586716
97.85921
0.3745839
-4.131485
0.8672266
4.310353
0.05231112
97.78008
0.3290774
-3.980087
0.867291
4.286309
0.04729505
97.64228
0.2381119
-3.980087
0.867291
4.286309
0.04729505
97.64228
0.2381119
-3.828647
0.8673294
4.262852
0.04460481
97.5286
0.1553378
-3.677155
0.8673432
4.240026
0.04363284
97.4339
0.08620171
-3.525572
0.8673517
4.219183
0.04521379
97.32768
359.9737
-3.449669
0.8673364
4.210109
0.04598032
97.25729
359.8877
-3.374092
0.8673714
4.201994
0.05155614
97.17541
359.8028
-3.22295
0.8673668
4.189636
0.06185668
96.94492
359.5927
-3.147319
0.867307
4.184584
0.06401735
96.80948
359.5297
-2.996421
0.8672401
4.174544
0.06963196
96.54321
359.5378
-2.8457
0.8671752
4.16297
0.07149499
96.30741
359.6829
-2.8457
0.8671752
4.16297
0.07149499
96.30741
359.6829
-2.695302
0.867146
4.149768
0.07282366
96.11163
359.8524
-2.620165
0.8671346
4.142778
0.07285994
96.03108
359.9247
-2.469845
0.867096
4.128125
0.0701211
95.88868
0.03284523
-2.3197
0.8670942
4.112898
0.06806246
95.76994
0.09423927
-2.244694
0.8671011
4.105092
0.06722478
95.71369
0.1105034
-2.09472
0.8671184
4.089448
0.06530603
95.62307
0.1213746
-1.944826
0.8671366
4.073745
0.06334729
95.54736
0.1127253
-1.944826
0.8671366
4.073745
0.06334729
95.54736
0.1127253
-1.794976
0.8671508
4.058106
0.06125122
95.48441
0.09359586
-1.645162
0.8671755
4.043895
0.06046353
95.40635
0.01425048
-1.495608
0.8672264
4.032817
0.06386192
95.28093
359.8642
-1.420814
0.8672129
4.028914
0.0644876
95.18594
359.7606
-1.346431
0.8672472
4.026084
0.06970773
95.07179
359.6633
-1.272065
0.8672384
4.024591
0.07336561
94.93116
359.5548
-1.123858
0.8672038
4.023586
0.08091427
94.60597
359.4374
-0.9758129
0.867141
4.02316
0.08349023
94.26195
359.4724
-0.8279399
0.8671103
4.021312
0.08346039
93.94032
359.6315
-0.7541869
0.867125
4.019473
0.08426882
93.8002
359.7417
-0.6064928
0.867098
4.01403
0.080215
93.56176
359.9518
-0.5325478
0.8670597
4.010667
0.07579491
93.46033
0.03511086
-0.4589761
0.8670955
4.006999
0.07626938
93.36784
0.1008929
-0.3850945
0.867065
4.003077
0.07182769
93.28503
0.1496012
-0.2377586
0.8670814
3.994698
0.06802858
93.14112
0.2027828
-0.09051782
0.8671036
3.985883
0.06453689
93.02241
0.2113892
0.05662733
0.867131
3.976891
0.06172389
92.92386
0.1920643
0.1299803
0.8671803
3.9724
0.06316903
92.88079
0.1762857
0.203626
0.8671688
3.967908
0.06039026
92.84064
0.1582209
0.2769826
0.8672054
3.963493
0.06142827
92.80575
0.1389781
0.4239845
0.867211
3.954806
0.05917863
92.7448
0.1003271
0.5709094
0.867224
3.946376
0.05804424
92.69382
0.0650719
0.717751
0.8672361
3.938226
0.05768724
92.6508
0.03558535
0.7913061
0.8672088
3.934253
0.05539183
92.63206
0.02329471
0.9380784
0.8672082
3.926528
0.05512568
92.5993
0.003642549
0.9380784
0.8672082
3.926528
0.05512568
92.5993
0.003642549
1.084805
0.8672044
3.919061
0.05498252
92.57182
359.99
1.231482
0.8672
3.911822
0.05499847
92.54884
359.9815
1.304652
0.8672266
3.908284
0.05714365
92.53868
359.9789
1.451256
0.8672216
3.901327
0.05725303
92.52093
359.976
1.597805
0.8672178
3.894521
0.05745738
92.50604
359.9756
1.671216
0.8671855
3.891157
0.05535644
92.49939
359.9761
1.744307
0.8672131
3.887836
0.05757593
92.49338
359.9769
1.817676
0.8671849
3.884527
0.05570653
92.48799
359.978
1.964115
0.8671768
3.877978
0.05551054
92.47787
359.9805
2.110458
0.8671803
3.871507
0.05598826
92.46978
359.9833
2.25681
0.8671694
3.865083
0.05542177
92.46257
359.9861
2.329788
0.8672002
3.861898
0.05769086
92.45956
359.9875
2.476003
0.8672047
3.855544
0.0580448
92.45425
359.9899
2.476003
0.8672047
3.855544
0.0580448
92.45425
359.9899
2.62222
0.8671967
3.849218
0.05750203
92.44978
359.992
2.768322
0.8672045
3.84292
0.05797713
92.44601
359.9937
2.841568
0.8671637
3.83977
0.05505671
92.44443
-0.00552478
2.987564
0.8671778
3.8335
0.05592941
92.44152
-0.004250051
3.133611
0.8671646
3.827242
0.05503473
92.43909
-0.003254825
3.133611
0.8671646
3.827242
0.05503473
92.43909
-0.003254825
3.279489
0.8671793
3.821002
0.05598006
92.43703
-0.002491454
3.352291
0.8672066
3.817891
0.05798268
92.43616
-0.002182788
3.498182
0.8671969
3.811663
0.05732381
92.43464
-0.001682749
3.643936
0.867208
3.805446
0.05803774
92.4333
-0.00131112
3.789679
0.8672031
3.799234
0.05780658
92.43198
-0.00104706
3.862625
0.867184
3.796128
0.05641613
92.4315
-0.000942138
4.008388
0.8671545
3.789925
0.05448541
92.43066
-0.0007754853
4.008388
0.8671545
3.789925
0.05448541
92.43066
-0.0007754853
4.154045
0.867153
3.783731
0.05403621
92.42996
-0.0006485198
4.299519
0.8671801
3.777547
0.05564356
92.42937
-0.0005511378
4.372123
0.8672096
3.774462
0.05780441
92.42908
-0.000509116
4.517619
0.8671999
3.768281
0.05730001
92.42854
-0.0004409142
4.662965
0.8672122
3.76211
0.05825238
92.42815
-0.0003876901
4.73579
0.86718
3.759025
0.05608638
92.42846
-0.0003610214
4.808275
0.8672104
3.755948
0.05843867
92.42828
-0.0003240572
4.88101
0.8671893
3.752861
0.05704871
92.42808
-0.0002936849
5.026392
0.8671498
3.746694
0.05456689
92.428
-0.0002426019
5.171664
0.8671467
3.740531
0.0538926
92.4278
-0.0001972535
5.316764
0.867172
3.734376
0.05522198
92.42765
-0.0001639029
5.389136
0.8672094
3.731306
0.05789488
92.42756
-0.0001514449
5.534171
0.8672075
3.725156
0.05803766
92.4275
-0.0001283563
5.534171
0.8672075
3.725156
0.05803766
92.4275
-0.0001283563
5.679255
0.8671862
3.719004
0.05666287
92.42738
-0.0001068118
5.824244
0.8671916
3.712856
0.05669291
92.42728
-9.031996E-05
5.896818
0.8671755
3.709779
0.05535994
92.42725
-8.308789E-05
6.041574
0.8671948
3.703641
0.05695377
92.42714
-7.118341E-05
6.186513
0.8671522
3.697498
0.054434
92.42715
-6.208872E-05
6.258743
0.8671848
3.694435
0.05668763
92.42712
-5.642912E-05
6.4035
0.8671913
3.688298
0.05679145
92.42706
-4.685418E-05
6.4035
0.8671913
3.688298
0.05679145
92.42706
-4.685418E-05
6.548094
0.8672128
3.682169
0.05823855
92.42699
-4.242523E-05
6.69268
0.8672051
3.676039
0.05811845
92.42686
-3.822973E-05
6.765186
0.8671514
3.672966
0.05453855
92.42684
-3.705579E-05
6.909766
0.8671496
3.666838
0.05407574
92.42683
-3.624204E-05
7.054163
0.8671761
3.660717
0.0556339
92.42683
-3.18998E-05
7.126185
0.8672128
3.657665
0.05833168
92.42681
-3.171304E-05
7.198449
0.8671955
3.654602
0.05724895
92.42678
-2.868147E-05
7.269221
0.8673623
3.651603
0.07258657
92.42682
-2.868148E-05
7.404284
0.8678145
3.64588
0.1418578
92.42689
-2.567332E-05
7.530356
0.8681164
3.640538
0.2389226
92.42695
-1.859642E-05
7.647088
0.8681592
3.635591
0.3451831
92.42699
-1.209979E-05
7.701865
0.8680919
3.633269
0.3979523
92.427
-7.577424E-06
7.804114
0.86783
3.628936
0.4977933
92.42703
-1.707612E-06
7.851547
0.8676579
3.626926
0.543525
92.42704
1.867714E-06
7.896499
0.8674723
3.625021
0.5858478
92.42706
4.882773E-06
7.93896
0.8672823
3.623222
0.624476
92.42708
6.563775E-06
8.016382
0.8669192
3.619941
0.6900538
92.42709
1.08864E-05
8.083786
0.8666126
3.617084
0.739967
92.4271
1.152691E-05
8.14118
0.8663855
3.614651
0.7750822
92.42712
1.347485E-05
8.16613
0.8663042
3.613594
0.7875806
92.42712
1.350157E-05
8.208569
0.8662051
3.611795
0.8037357
92.42713
1.110015E-05
8.226069
0.8661848
3.611054
0.8079508
92.42713
9.926106E-06
8.241099
0.8661945
3.610417
0.8099781
92.42714
8.858787E-06
8.253667
0.8662357
3.609884
0.809945
92.42714
8.778737E-06
8.271451
0.8664106
3.60913
0.8042403
92.42714
8.191698E-06
8.280278
0.8665663
3.608756
0.7817644
92.42713
5.176485E-06
8.280441
0.8670568
3.60876
0.7884629
92.42629
0.0009036182
8.279367
0.8669222
3.608815
0.7175251
92.42612
0.001514366
8.277652
0.8668402
3.60889
0.6046214
92.42609
0.001698864
8.276687
0.8668873
3.608931
0.541155
92.42606
0.001680195
8.275698
0.8669964
3.608971
0.4762058
92.42606
0.001610086
8.273753
0.8673695
3.60905
0.3486587
92.42607
0.001366677
8.272836
0.8676105
3.609087
0.2885643
92.42608
0.001218324
