-30.19429
0.86844
-10.01022
359.8522
89.97392
3.561849E-05
-30.17105
0.8684611
-10.01029
359.8596
89.96626
-0.0001353302
-30.14518
0.8683237
-10.01015
359.8597
89.97502
1.851627E-05
-30.1312
0.8682157
-10.01017
359.8574
89.97344
0.000274209
-30.11702
0.8681808
-10.01021
359.8606
89.96966
0.0002447936
-30.08726
0.8681092
-10.01017
359.8687
89.9707
9.995181E-05
-30.05528
0.867996
-10.01013
359.8748
89.97254
0.0003137025
-30.03882
0.8679867
-10.01014
359.8819
89.97144
0.0004176496
-30.02128
0.8678619
-10.01018
359.8805
89.96777
0.0003096604
-29.98526
0.8677322
-10.01003
359.8862
89.97733
8.536419E-05
-29.94646
0.867504
-10.01001
359.8832
89.97816
0.0003871404
-29.9266
0.8675162
-10.01011
359.8889
89.97007
0.0004196239
-29.90614
0.8674687
-10.01022
359.8916
89.96033
-4.006073E-05
-29.86329
0.8673655
-10.0101
359.894
89.96649
-0.0006445101
-29.8182
0.867252
-10.01001
359.8943
89.9719
8.979311E-05
-29.79472
0.8671767
-10.00997
359.8924
89.9741
6.2479E-05
-29.77143
0.8672754
-10.00994
359.9018
89.97541
0.0001026131
-29.72246
0.8672398
-10.00989
359.9051
89.97775
0.0004220982
-29.67087
0.8671288
-10.00981
359.9009
89.98248
0.000563735
-29.64451
0.8671494
-10.00975
359.903
89.98714
0.0007480134
-29.61763
0.8671612
-10.00972
359.9045
89.9897
0.001003062
-29.56211
0.8671609
-10.00975
359.9051
89.9875
0.001040021
-29.5042
0.8671136
-10.00978
359.9016
89.98461
0.0005153232
-29.47437
0.8670895
-10.00978
359.8992
89.98445
0.0002999518
-29.44404
0.867093
-10.00978
359.8982
89.98401
7.386487E-05
-29.41349
0.8671522
-10.00976
359.9014
89.98462
5.869702E-07
-29.35106
0.8672314
-10.00979
359.9078
89.98125
-0.0001685071
-29.28649
0.86724
-10.00982
359.9104
89.97711
-0.0005233072
-29.21913
0.8671463
-10.00983
359.9038
89.97391
-0.0006540283
-29.21913
0.8671463
-10.00983
359.9038
89.97391
-0.0006540283
-29.14959
0.867098
-10.0098
359.8987
89.97332
-0.0007084931
-29.07836
0.8671671
-10.00983
359.9013
89.96803
-0.000610399
-29.00487
0.8671794
-10.00977
359.9012
89.96916
-0.0006992416
-29.00487
0.8671794
-10.00977
359.9012
89.96916
-0.0006992416
-28.92969
0.8672521
-10.00966
359.9061
89.97381
-0.0005208159
-28.85232
0.8672513
-10.00961
359.9074
89.97517
-0.0002078575
-28.7731
0.8672734
-10.00957
359.9107
89.97435
-7.778354E-05
-28.7731
0.8672734
-10.00957
359.9107
89.97435
-7.778354E-05
-28.69183
0.867273
-10.00944
359.9126
89.98253
0.0003260451
-28.60823
0.8672183
-10.00944
359.9099
89.97962
0.0003362738
-28.52248
0.8671799
-10.00938
359.9071
89.98198
0.0004567028
-28.52248
0.8671799
-10.00938
359.9071
89.98198
0.0004567028
-28.4348
0.8671916
-10.00939
359.907
89.97943
0.0004828396
-28.345
0.8672054
-10.00931
359.9069
89.98316
0.0004582735
-28.25279
0.8671733
-10.00927
359.9032
89.98405
0.0003679936
-28.2061
0.8672151
-10.00933
359.9051
89.97827
0.0003247212
-28.15871
0.8672086
-10.00935
359.904
89.97495
0.0001541464
-28.0628
0.8672622
-10.00936
359.9075
89.97163
-0.0001632978
-27.96424
0.8671893
-10.00929
359.9024
89.9728
-0.0004149479
-27.91418
0.8671693
-10.00927
359.9007
89.97278
-0.0003865399
-27.86391
0.8672338
-10.00922
359.9044
89.97523
-0.0003575415
-27.76183
0.8673057
-10.00912
359.9099
89.97903
-0.0001358169
-27.65771
0.8673229
-10.00906
359.9131
89.98133
0.0001339059
-27.60493
0.8673258
-10.00904
359.9145
89.98091
0.0002170555
-27.55162
0.8673197
-10.00903
359.9153
89.98055
0.0002636196
-27.49779
0.8673085
-10.00902
359.9157
89.98021
0.0002803282
-27.38852
0.8672806
-10.00899
359.9153
89.97965
0.0002574831
-27.27711
0.8672532
-10.00895
359.9138
89.97921
0.0001946906
-27.16354
0.8672348
-10.00892
359.9118
89.97887
0.0001223932
-27.16354
0.8672348
-10.00892
359.9118
89.97887
0.0001223932
-27.04787
0.8672329
-10.00888
359.9102
89.97861
5.371776E-05
-26.9301
0.867239
-10.00884
359.9091
89.97839
-1.680869E-06
-26.81023
0.8672469
-10.0088
359.9082
89.97823
-4.321234E-05
-26.7495
0.8672503
-10.00878
359.9078
89.97816
-5.825012E-05
-26.68824
0.8672525
-10.00876
359.9074
89.9781
-7.030635E-05
-26.56408
0.867247
-10.00871
359.9059
89.97798
-8.567095E-05
-26.43725
0.8671516
-10.00866
359.8978
89.97789
-9.035339E-05
-26.3734
0.867198
-10.00864
359.9
89.97785
-9.124053E-05
-26.30896
0.8672301
-10.00862
359.9015
89.97781
-8.873589E-05
-26.17871
0.8672559
-10.00857
359.9044
89.97776
-8.385003E-05
-26.04699
0.8672743
-10.00852
359.9102
89.97769
-7.479532E-05
-26.04699
0.8672743
-10.00852
359.9102
89.97769
-7.479532E-05
-25.91435
0.8673356
-10.00847
359.9228
89.97749
-6.577732E-05
-25.84737
0.8672978
-10.00844
359.9258
89.97742
-6.147842E-05
-25.71341
0.8673419
-10.00842
359.9423
89.97477
-8.319628E-05
-25.57908
0.8673759
-10.00827
359.9619
89.98269
-8.072499E-06
-25.44452
0.8673729
-10.00812
359.9818
89.99091
0.0003632265
-25.37714
0.8673474
-10.00804
359.9906
89.9959
0.0005943657
-25.30985
0.8673325
-10.00806
0.0003936961
89.99368
0.0008500317
-25.1752
0.8672778
-10.00801
0.01749121
89.99608
0.001089001
-25.04048
0.8671892
-10.008
0.0303246
89.99564
0.001271704
-24.97313
0.8671498
-10.00795
0.0358708
89.9993
0.001229743
-24.8385
0.8670927
-10.00795
0.04559674
89.99873
0.001107682
-24.8385
0.8670927
-10.00795
0.04559674
89.99873
0.001107682
-24.70394
0.8670565
-10.00795
0.05316783
89.99825
0.0009002763
-24.56945
0.8670359
-10.00795
0.05854062
89.99786
0.0006667441
-24.43504
0.867028
-10.00795
0.06191926
89.99754
0.0004446262
-24.36786
0.8670279
-10.008
0.06296299
89.99344
0.0003885206
-24.3007
0.8670303
-10.00795
0.06363541
89.99726
0.0002528706
-24.16643
0.8670403
-10.00795
0.06406298
89.99704
0.0001007487
-24.09932
0.8670477
-10.008
0.06390997
89.99297
8.553416E-05
-23.96514
0.8670648
-10.00799
0.06307495
89.9928
-9.388179E-06
-23.83103
0.8670844
-10.00798
0.06179343
89.99265
-7.019291E-05
-23.83103
0.8670844
-10.00798
0.06179343
89.99265
-7.019291E-05
-23.69697
0.8671041
-10.00797
0.06030952
89.99252
-0.000103977
-23.56297
0.8671222
-10.00796
0.05880924
89.99242
-0.0001178842
-23.42902
0.8671384
-10.00795
0.05742484
89.99235
-0.0001185078
-23.36207
0.8671454
-10.00789
0.05680254
89.99628
-0.0001592555
-23.22821
0.8671571
-10.00788
0.05573226
89.99622
-0.0001464789
-23.22821
0.8671571
-10.00788
0.05573226
89.99622
-0.0001464789
-23.09439
0.8671657
-10.00787
0.05490844
89.99616
-0.0001299487
-22.96063
0.8671716
-10.00785
0.05432619
89.99611
-0.0001121062
-22.82692
0.867175
-10.00784
0.0539602
89.99607
-9.655651E-05
-22.76009
0.8671759
-10.00789
0.05384922
89.99212
-4.397603E-05
-22.62646
0.8671765
-10.00787
0.05374476
89.99209
-3.011555E-05
-22.62646
0.8671765
-10.00787
0.05374476
89.99209
-3.011555E-05
-22.49283
0.8671842
-10.0078
0.05383212
89.9964
-7.597755E-05
-22.35921
0.8672264
-10.00773
0.05556616
90.00124
0.0001595357
-22.22523
0.8672322
-10.00773
0.05387718
90.00087
0.00036481
-22.22523
0.8672322
-10.00773
0.05387718
90.00087
0.00036481
-22.09035
0.8671793
-10.00774
0.04541248
90.00053
0.0004351562
-22.02218
0.8670877
-10.00774
0.03491677
90.00031
0.0004342073
-21.88574
0.8670927
-10.00774
0.02403683
90.00043
0.0003920463
-21.74823
0.8670938
-10.00775
0.01197382
90.00008
0.0003294853
-21.61021
0.8671578
-10.00775
0.005802533
89.99959
0.0002447646
-21.61021
0.8671578
-10.00775
0.005802533
89.99959
0.0002447646
-21.47187
0.8672287
-10.00776
0.004354282
89.99945
0.0001476142
-21.33342
0.8672878
-10.00776
0.007262492
89.99934
7.468977E-05
-21.26406
0.8672811
-10.00776
0.007992309
89.99929
4.623885E-05
-21.12572
0.8673159
-10.00776
0.01604522
89.99921
-2.751419E-07
-20.98743
0.8673124
-10.00776
0.02450947
89.99911
-3.149458E-05
-20.9185
0.8673356
-10.00776
0.03117293
89.99908
-4.148807E-05
-20.84921
0.8672838
-10.00776
0.03257323
89.99905
-5.027927E-05
-20.71103
0.8672429
-10.00776
0.03973989
89.99899
-6.058959E-05
-20.64215
0.8672558
-10.00776
0.0454024
89.99899
-6.213372E-05
-20.50406
0.8672142
-10.00776
0.05080034
89.99895
-6.262065E-05
-20.36604
0.8671794
-10.00776
0.05498353
89.99892
-5.836345E-05
-20.36604
0.8671794
-10.00776
0.05498353
89.99892
-5.836345E-05
-20.22809
0.8671536
-10.00775
0.05801597
89.99889
-5.175338E-05
-20.0902
0.8671371
-10.00775
0.06000459
89.99887
-4.333904E-05
-19.95238
0.867129
-10.00775
0.06110158
89.99885
-3.425435E-05
-19.88332
0.8670928
-10.00775
0.05889617
89.99883
-3.128281E-05
-19.74559
0.867094
-10.00775
0.0590013
89.99883
-2.516299E-05
-19.74559
0.867094
-10.00775
0.0590013
89.99883
-2.516299E-05
-19.60792
0.8670994
-10.00774
0.05866728
89.99882
-1.989694E-05
-19.47031
0.8671074
-10.00774
0.05805055
89.9988
-1.60116E-05
-19.33276
0.8671166
-10.00774
0.05728763
89.99879
-1.221631E-05
-19.26418
0.8671558
-10.00774
0.05935474
89.99879
-1.102903E-05
-19.19527
0.8671259
-10.00774
0.05648364
89.99878
-9.651648E-06
-19.12672
0.8671647
-10.00774
0.05855739
89.99879
-7.857389E-06
-18.98931
0.8671726
-10.00773
0.0578295
89.99878
-7.663955E-06
-18.85195
0.8671794
-10.00773
0.05720854
89.99876
-5.592887E-06
-18.71465
0.8671845
-10.00772
0.0567102
89.99876
-4.068767E-06
-18.64585
0.8671523
-10.00772
0.05405354
89.99876
-4.372257E-06
-18.5774
0.8671881
-10.00772
0.05633507
89.99876
-4.879185E-06
-18.50863
0.8671552
-10.00772
0.05374548
89.99876
-4.540677E-06
-18.37146
0.8671569
-10.00771
0.05355037
89.99876
-2.846469E-06
-18.23435
0.8671575
-10.00771
0.05345312
89.99876
-1.083893E-06
-18.09729
0.8671573
-10.00771
0.05342896
89.99875
-1.09223E-06
-18.02896
0.8671911
-10.0077
0.05587844
89.99875
-1.494105E-06
-17.96029
0.8671567
-10.0077
0.0534634
89.99874
-1.670862E-06
-17.82335
0.8671557
-10.0077
0.05352804
89.99874
-1.027197E-06
-17.75506
0.867189
-10.0077
0.05599685
89.99874
-1.420733E-06
-17.6182
0.8671877
-10.00769
0.0560808
89.99875
-1.977688E-06
-17.48139
0.8671865
-10.00769
0.05616961
89.99875
-2.521301E-06
-17.48139
0.8671865
-10.00769
0.05616961
89.99875
-2.521301E-06
-17.34464
0.8671854
-10.00769
0.05624816
89.99874
-1.25398E-06
-17.20794
0.8671843
-10.00768
0.05631462
89.99873
-2.40791E-06
-17.0713
0.8671837
-10.00768
0.05636535
89.99873
2.001033E-08
-17.00283
0.8671496
-10.00768
0.05397872
89.99872
-7.353795E-07
-16.86627
0.8671492
-10.00767
0.05401072
89.99872
-1.217295E-07
-16.86627
0.8671492
-10.00767
0.05401072
89.99872
-1.217295E-07
-16.72977
0.8671489
-10.00767
0.05402884
89.99872
-1.150594E-07
-16.59332
0.8671488
-10.00767
0.05403427
89.99872
-7.170367E-07
-16.46382
0.8676887
-10.00766
0.1159445
89.99872
-3.601865E-07
-16.40238
0.867918
-10.00766
0.1604723
89.99872
-2.401248E-07
-16.34322
0.8680843
-10.00766
0.2101698
89.99871
-7.737376E-07
-16.2319
0.8682021
-10.00766
0.3166947
89.99871
-5.869783E-07
-16.17981
0.8681619
-10.00766
0.3703962
89.99871
-1.09392E-06
-16.08291
0.8679324
-10.00766
0.4731633
89.99871
-4.0022E-07
-15.99586
0.8675832
-10.00765
0.565033
89.99872
-4.002258E-07
-15.99586
0.8675832
-10.00765
0.565033
89.99872
-4.002258E-07
-15.91876
0.8671979
-10.00765
0.6426124
89.99871
-7.204169E-07
-15.85962
0.8701478
-10.00765
0.7162119
89.99873
8.31427E-05
-15.82584
0.8745885
-10.00765
0.7542371
89.99873
0.0001299449
-15.82584
0.8745885
-10.00765
0.7542371
89.99873
0.0001299449
-15.81221
0.8776932
-10.00765
0.7532075
89.99874
0.0001753055
-15.81155
0.8792648
-10.00764
0.677532
89.9987
0.0008190395
-15.81406
0.8786913
-10.00772
0.5289073
89.99936
-0.004979286
-15.81554
0.8782035
-10.00778
0.440939
89.99974
359.9915
-15.81855
0.8772548
-10.00789
0.261769
90.00053
359.9841
-15.82001
0.8768746
-10.00794
0.1756842
90.00092
359.9805
-15.82141
0.8765832
-10.00799
0.09384663
90.0013
359.977
-15.82397
0.8762846
-10.00809
359.9452
90.00211
359.9704
-15.82621
0.8763409
-10.00818
359.8173
90.0029
359.9643
-15.82722
0.8764827
-10.00822
359.7606
90.0033
359.9615
-15.82816
0.8766881
-10.00826
359.7083
90.0037
359.9589
-15.82903
0.8769476
-10.0083
359.6599
90.00409
359.9564
-15.83061
0.8775941
-10.00836
359.5737
90.00486
359.9518
-15.83201
0.87836
-10.00842
359.4988
90.00564
359.9478
-15.83326
0.8791965
-10.00847
359.4328
90.0064
359.9442
-15.83385
0.879629
-10.0085
359.4025
90.00677
359.9426
-15.8344
0.8800664
-10.00852
359.3737
90.00715
359.941
-15.83545
0.8809446
-10.00856
359.3198
90.0079
359.9383
-15.83594
0.8813809
-10.00857
359.2945
90.00826
359.937
-15.83688
0.8822402
-10.00861
359.2466
90.009
359.9348
-15.83777
0.8830754
-10.00863
359.2017
90.00974
359.9329
-15.83777
0.8830754
-10.00863
359.2017
90.00974
359.9329
-15.83861
0.8838814
-10.00866
359.1595
90.01046
359.9312
-15.8394
0.8846559
-10.00867
359.1196
90.01117
359.9297
-15.83979
0.885031
-10.00868
359.1004
90.01153
359.9291
-15.84052
0.885757
-10.0087
359.0636
90.01223
359.9279
-15.84122
0.8864512
-10.00871
359.0286
90.01292
359.927
-15.84122
0.8864512
-10.00871
359.0286
90.01292
359.927
-15.84189
0.8871145
-10.00872
358.9954
90.01362
359.9262
-15.84253
0.8877477
-10.00873
358.9638
90.0143
359.9255
-15.84313
0.8883523
-10.00873
358.9339
90.01499
359.925
-15.84342
0.8886442
-10.00873
358.9195
90.01533
359.9248
-15.84371
0.8889292
-10.00873
358.9055
90.01568
359.9246
-15.84426
0.8894798
-10.00874
358.8785
90.01633
359.9243
-15.84801
0.890746
-10.00863
358.884
90.01676
359.9326
-15.8514
0.8912215
-10.00854
358.8924
90.01917
359.9359
-15.85575
0.8915217
-10.00845
358.9053
90.01938
359.942
-15.86775
0.8913187
-10.00826
358.9576
90.01201
359.9642
-15.87447
0.8909396
-10.00818
358.9827
90.00954
359.9723
-15.89048
0.8894137
-10.00802
359.0629
90.01279
359.9781
-15.90924
0.8861105
-10.00792
359.1981
90.01371
359.9828
-15.91967
0.88308
-10.00789
359.3138
90.01535
359.9818
-15.92901
0.8777447
-10.00785
359.4764
90.01559
359.9844
-15.94661
0.870828
-10.00755
359.7968
90.0262
-0.003816165
-15.95454
0.8682818
-10.00746
359.9276
90.02895
5.887707E-05
-15.96899
0.8647733
-10.00729
0.1315158
90.0371
0.005265282
-15.98237
0.8629998
-10.00718
0.2677149
90.04285
0.007261423
-15.98237
0.8629998
-10.00718
0.2677149
90.04285
0.007261423
-15.99456
0.8624032
-10.00722
0.3385085
90.0399
0.007556682
-16.00482
0.8624188
-10.00728
0.3431394
90.03525
0.006608552
-16.01326
0.8629754
-10.00722
0.3059113
90.0408
0.005457973
-16.01703
0.8634527
-10.00713
0.2806413
90.04921
0.005096823
-16.02007
0.8639349
-10.00718
0.2467903
90.04657
0.004580271
-16.0227
0.8644543
-10.00724
0.2100122
90.04323
0.003982868
-16.0266
0.8655413
-10.00735
0.1325779
90.03608
0.002446235
-16.02843
0.8665504
-10.00733
0.05333954
90.03821
0.001345811
-16.02739
0.8673728
-10.00734
359.9728
90.03758
0.0004034956
-16.02611
0.8677774
-10.00737
359.9391
90.03582
0.0002534675
-16.02455
0.8681688
-10.00738
359.9115
90.03571
0.0001259484
-16.01925
0.868741
-10.00737
359.8603
90.0369
2.715408E-05
-16.01595
0.8689923
-10.00739
359.8426
90.03551
-0.0002304731
-16.00734
0.8692813
-10.00738
359.8118
90.03654
-0.0005214518
-15.99639
0.8693583
-10.00739
359.7904
90.03723
-0.0001805343
-15.99639
0.8693583
-10.00739
359.7904
90.03723
-0.0001805343
-15.9829
0.8693843
-10.00738
359.7813
90.03836
-0.0001610976
-15.96795
0.8694664
-10.00738
359.7921
90.04029
8.054874E-05
-15.95032
0.8692459
-10.00742
359.7961
90.03825
0.0001104777
-15.94078
0.8691408
-10.00726
359.8011
90.05135
0.0002595421
-15.93063
0.8690263
-10.0072
359.8064
90.05743
0.0005690634
-15.91989
0.8689138
-10.00716
359.8122
90.06252
0.0007033665
-15.90182
0.87181
-10.00756
359.8037
90.05582
359.9749
-15.89368
0.875881
-10.00787
359.7788
90.04949
359.9679
-15.89159
0.8779507
-10.00805
359.7636
90.05038
359.9562
-15.89259
0.8782974
-10.00814
359.7661
90.05419
359.9455
-15.89492
0.8781399
-10.00815
359.7809
90.0508
359.9509
-15.90325
0.8763397
-10.00815
359.855
90.05468
359.943
-15.90893
0.8747879
-10.00813
359.9146
90.05402
359.9464
-15.91986
0.8660065
-10.00799
0.1670128
90.04885
359.963
-15.92966
0.8613119
-10.00748
0.4005041
90.04505
-0.001330505
-15.92966
0.8613119
-10.00748
0.4005041
90.04505
-0.001330505
-15.93792
0.8591381
-10.00709
0.5324029
90.04738
0.01886294
-15.94499
0.8587279
-10.0069
0.5790726
90.04799
0.02856101
-15.95022
0.859347
-10.0068
0.5504075
90.05304
0.03160231
-15.95241
0.8599742
-10.00683
0.51952
90.05081
0.03095865
-15.95416
0.8607002
-10.00687
0.4782185
90.0491
0.02928839
-15.95544
0.8614836
-10.00691
0.4286917
90.048
0.02702514
-15.95649
0.8631085
-10.00702
0.3139118
90.04452
0.02186113
-15.95597
0.8647139
-10.00709
0.1961907
90.04512
0.01655498
-15.95353
0.8661618
-10.00722
0.08493843
90.04065
0.01164012
-15.95353
0.8661618
-10.00722
0.08493843
90.04065
0.01164012
-15.9501
0.8674496
-10.00718
-0.003771908
90.04926
0.007580669
-15.94801
0.867994
-10.00727
359.9601
90.04443
0.005869768
-15.94382
0.8688847
-10.00725
359.909
90.04909
0.002999154
-15.94004
0.8695551
-10.00725
359.8864
90.05241
0.001253856
-15.93832
0.8697848
-10.00728
359.8828
90.0516
0.0005821348
-15.93644
0.8699067
-10.00732
359.8799
90.04932
-8.454378E-05
-15.93358
0.8700594
-10.00738
359.8903
90.04619
-0.0009248988
-15.93229
0.8700274
-10.00742
359.897
90.04275
-0.001605074
-15.93094
0.8699336
-10.00737
359.9414
90.04527
-0.001591755
-15.93126
0.8698554
-10.00741
359.9587
90.04181
-0.001513384
-15.93208
0.8697729
-10.0074
359.9775
90.04245
-0.001389508
-15.9335
0.8697112
-10.00741
-0.001186404
90.04098
-0.001245229
-15.93785
0.8695056
-10.00739
0.03871704
90.0413
-0.001032086
-15.94427
0.8692894
-10.00753
0.07602007
90.02901
-0.0008058064
-15.95289
0.8690252
-10.00752
0.1072418
90.02727
-0.0007738738
-15.95289
0.8690252
-10.00752
0.1072418
90.02727
-0.0007738738
-15.96369
0.8687546
-10.00744
0.1319077
90.0323
-6.944934E-05
-15.97684
0.868539
-10.0075
0.1528787
90.02682
0.0002835472
-15.99162
0.8682752
-10.00747
0.1617277
90.02628
-0.0001174544
-16.00019
0.8682705
-10.00741
0.1713361
90.03063
4.495672E-06
-16.01851
0.8681509
-10.00723
0.1795084
90.0444
0.0007148721
-16.01851
0.8681509
-10.00723
0.1795084
90.0444
0.0007148721
-16.03937
0.8680826
-10.0071
0.1878913
90.05562
0.001029857
-16.06198
0.8679584
-10.00712
0.1877997
90.05373
0.0007176539
-16.08684
0.8678828
-10.00717
0.1880373
90.05067
0.0009225939
-16.09998
0.8678265
-10.00716
0.1862116
90.05093
0.0006430816
-16.11351
0.8677602
-10.00707
0.1829177
90.0579
0.0001827818
-16.12787
0.8677955
-10.00707
0.1856279
90.05759
0.0003559854
-16.17277
0.867736
-10.0071
0.1801047
90.0536
-0.000323962
-16.18837
0.8676609
-10.007
0.1743707
90.06036
-0.0006256389
-16.22071
0.8675833
-10.0071
0.1651915
90.05054
-0.0005663877
-16.23737
0.8675501
-10.0071
0.1604911
90.04913
-0.0006586089
-16.25421
0.8675101
-10.00711
0.1545741
90.04698
-0.0007056998
-16.28908
0.8675168
-10.00714
0.1483267
90.04131
-0.0006989028
-16.32373
0.8673721
-10.00702
0.1285795
90.04756
-0.0005346438
-16.34151
0.8674033
-10.00694
0.1240789
90.05303
-0.0002411983
-16.37694
0.8673759
-10.0069
0.1087685
90.05408
5.919063E-05
-16.37694
0.8673759
-10.0069
0.1087685
90.05408
5.919063E-05
-16.41236
0.8673701
-10.00679
0.0930855
90.06062
0.0001623806
-16.44759
0.8673589
-10.00664
0.07635511
90.07143
0.0005795895
-16.48277
0.8673848
-10.00649
0.06267044
90.08202
0.000743854
-16.50035
0.8674042
-10.00642
0.0569691
90.08725
0.0007195447
-16.51791
0.8674247
-10.00635
0.05200244
90.09248
0.0006414944
-16.53547
0.8674452
-10.00628
0.04774204
90.09767
0.0005260047
-16.57055
0.8674812
-10.00614
0.04119005
90.10802
0.0002215193
-16.60561
0.8675068
-10.00599
0.0369566
90.11834
-0.0001153779
-16.64063
0.8675204
-10.00583
0.03463871
90.12865
-0.0004370521
-16.65813
0.8675227
-10.00575
0.03406268
90.1338
-0.0005813433
-16.67562
0.8675225
-10.00567
0.03381405
90.13896
-0.0007154358
-16.71059
0.867516
-10.0055
0.03408566
90.14928
-0.0009394464
-16.72807
0.8675102
-10.00542
0.03451534
90.15444
-0.001031842
-16.76301
0.8674948
-10.00524
0.03576121
90.16476
-0.001177156
-16.79793
0.8674772
-10.00505
0.03729697
90.1751
-0.001276974
-16.79793
0.8674772
-10.00505
0.03729697
90.1751
-0.001276974
-16.83213
0.8673777
-10.0049
0.03132456
90.18214
-0.001474642
-16.86691
0.8674605
-10.005
0.03697599
90.16699
-0.002340246
-16.90037
0.8673436
-10.00504
0.0273022
90.15598
-0.002515091
-16.90037
0.8673436
-10.00504
0.0273022
90.15598
-0.002515091
-16.93297
0.867309
-10.00487
0.01755312
90.16001
-0.002563292
-16.94854
0.8672525
-10.00481
0.00782136
90.16063
-0.002056911
-16.97976
0.8673615
-10.00475
0.001504537
90.15791
-0.001226263
-17.00885
0.8673505
-10.00473
359.9835
90.15314
-0.0006388894
-17.03642
0.8674276
-10.00455
359.9678
90.16138
-6.229214E-05
-17.03642
0.8674276
-10.00455
359.9678
90.16138
-6.229214E-05
-17.0618
0.8674395
-10.00447
359.946
90.16265
0.0001339125
-17.08536
0.8676193
-10.00444
359.9319
90.15993
0.0001964114
-17.10643
0.8676838
-10.00424
359.9116
90.17081
0.0002498525
-17.11619
0.867758
-10.0042
359.9038
90.1723
0.0002428989
-17.13434
0.8679463
-10.00401
359.8929
90.18387
0.0002589739
-17.13434
0.8679463
-10.00401
359.8929
90.18387
0.0002589739
-17.15008
0.8680381
-10.00408
359.8792
90.17596
7.834723E-05
-17.16422
0.8682493
-10.00403
359.8761
90.17591
-0.0002736885
-17.17599
0.8683195
-10.00403
359.868
90.17404
-6.732155E-05
-17.18113
0.8683882
-10.00401
359.8664
90.17405
-0.0001106107
-17.18575
0.868444
-10.00393
359.8646
90.17912
-0.0001050678
-17.18997
0.8685232
-10.00387
359.865
90.18379
5.528199E-05
-17.19674
0.8685806
-10.00384
359.8618
90.18451
-0.000312342
-17.2012
0.8686022
-10.00377
359.8561
90.19008
-7.921443E-05
-17.20338
0.8686786
-10.00366
359.852
90.19858
0.0002763768
-17.20376
0.8686966
-10.00369
359.8498
90.19759
0.0004493466
-17.20358
0.8687694
-10.0037
359.8497
90.19704
0.0002722347
-17.20143
0.8688513
-10.00367
359.8464
90.2005
-0.0001554808
-17.19958
0.8688836
-10.0037
359.8454
90.19919
-0.0001234774
-17.19416
0.8689331
-10.00369
359.8437
90.202
-0.0002203411
-17.18651
0.8689208
-10.00369
359.8416
90.20361
-0.0004550897
-17.18187
0.8689029
-10.00373
359.8409
90.20277
-0.0003017968
-17.17676
0.8689008
-10.00378
359.842
90.20069
2.304531E-05
-17.16457
0.8688284
-10.00382
359.8409
90.20045
-0.0003822519
-17.15031
0.868757
-10.00389
359.8427
90.19772
-0.0007421522
-17.1423
0.8687087
-10.00397
359.8434
90.19359
-0.0006197487
-17.1247
0.8686075
-10.004
359.8461
90.19476
-0.0007151646
-17.1247
0.8686075
-10.004
359.8461
90.19476
-0.0007151646
-17.10536
0.8685549
-10.00423
359.8543
90.18188
-0.0004200513
-17.08342
0.8683361
-10.00428
359.8532
90.18258
-0.0004421628
-17.05964
0.8682441
-10.0044
359.859
90.17955
-5.797007E-05
-17.047
0.8682131
-10.00455
359.8629
90.17031
-0.0003198392
-17.03379
0.8681729
-10.00445
359.8662
90.17974
-0.0006139182
-17.01996
0.8681052
-10.00454
359.8677
90.17582
-0.0006024055
-16.99078
0.8680521
-10.00464
359.8748
90.1739
-0.0006565602
-16.9592
0.8678933
-10.00481
359.8758
90.16659
-0.000395765
-16.92586
0.8678371
-10.00489
359.8829
90.16682
-0.0003403696
-16.90817
0.8677446
-10.00491
359.8824
90.16927
-0.0001947008
-16.89021
0.8676982
-10.00506
359.8852
90.16154
-5.620242E-05
-16.85228
0.8675822
-10.00509
359.8872
90.16681
0.0002392105
-16.83248
0.8674918
-10.00519
359.8866
90.16366
0.0005939008
-16.79137
0.8674004
-10.0054
359.8896
90.15732
0.0003464727
-16.74846
0.8674098
-10.00544
359.8983
90.16289
7.949446E-05
-16.74846
0.8674098
-10.00544
359.8983
90.16289
7.949446E-05
-16.70353
0.867363
-10.00556
359.9041
90.1637
0.0001958746
-16.65648
0.8673097
-10.00565
359.9081
90.16751
0.0003449316
-16.60748
0.8672616
-10.00577
359.9112
90.16961
0.0003427838
-16.58196
0.8672129
-10.00578
359.9097
90.17496
0.0004050093
-16.52936
0.8671443
-10.00583
359.907
90.18433
0.000745282
-16.52936
0.8671443
-10.00583
359.907
90.18433
0.000745282
-16.47479
0.8671499
-10.00605
359.9073
90.18196
0.0007986663
-16.4181
0.8671381
-10.00625
359.9061
90.18026
0.0003113977
-16.35917
0.8671259
-10.00628
359.9037
90.19186
0.0002240992
-16.32869
0.8670921
-10.00639
359.9001
90.19183
0.0003910656
-16.29771
0.8670847
-10.00648
359.8979
90.19244
0.0005442249
-16.26657
0.8671423
-10.00653
359.9008
90.19711
0.0005897783
-16.20281
0.8672597
-10.00671
359.9075
90.20127
0.0008920612
-16.13689
0.8672885
-10.00696
359.9101
90.19997
0.000743661
-16.06859
0.8672178
-10.00712
359.9066
90.20618
0.0006644535
-16.06859
0.8672178
-10.00712
359.9066
90.20618
0.0006644535
-15.99858
0.8672561
-10.00736
359.9096
90.20715
0.0005561175
-15.92599
0.8671768
-10.00761
359.9045
90.20911
0.0006617355
-15.8597
0.8729693
-10.00803
359.8606
90.2008
-0.0008630942
-15.83149
0.8778522
-10.00821
359.7741
90.19553
0.001188062
-15.77971
0.8886427
-10.00849
359.4615
90.20095
359.9872
-15.77971
0.8886427
-10.00849
359.4615
90.20095
359.9872
-15.72976
0.8976461
-10.00815
359.022
90.22614
0.0107375
-15.678
0.903839
-10.00814
358.5714
90.24924
0.003217325
-15.62339
0.9083232
-10.00839
358.1595
90.25489
-0.001055275
-15.59513
0.9101121
-10.00855
357.9818
90.25442
-0.002683474
-15.56604
0.9115999
-10.00868
357.8228
90.25605
-0.003620906
-15.50571
0.9138082
-10.00894
357.5671
90.25866
-0.004250288
-15.47448
0.9145966
-10.00908
357.4709
90.25962
-0.004267261
-15.41004
0.9156439
-10.00935
357.3372
90.26094
-0.003946027
-15.34315
0.9161406
-10.00969
357.2741
90.25863
-0.003653376
-15.34315
0.9161406
-10.00969
357.2741
90.25863
-0.003653376
-15.27382
0.9161173
-10.00994
357.2616
90.26256
-0.002466807
-15.20233
0.9157794
-10.01019
357.2885
90.26773
-0.001160938
-15.12842
0.9151573
-10.01054
357.3354
90.26765
-0.0006902753
-15.09069
0.9148031
-10.01062
357.3642
90.27416
-7.606632E-05
-15.05204
0.9143832
-10.01079
357.3908
90.27497
0.000162599
-15.0134
0.9140604
-10.01097
357.4252
90.27563
0.0002740178
-14.93395
0.9133534
-10.01137
357.4866
90.27497
0.0002596903
-14.8524
0.9127032
-10.01171
357.5421
90.27859
0.0006073784
-14.76898
0.9122181
-10.01215
357.5927
90.27694
0.0003066687
-14.76898
0.9122181
-10.01215
357.5927
90.27694
0.0003066687
-14.68339
0.9117776
-10.01248
357.6296
90.28321
0.0007470509
-14.59568
0.911472
-10.01291
357.6565
90.28434
0.0007785457
-14.50599
0.911299
-10.01342
357.6754
90.28014
6.291086E-05
-14.46038
0.9112455
-10.01367
357.6816
90.27815
-0.0002868893
-14.41444
0.9112508
-10.01396
357.6887
90.27381
-0.0008067254
-14.3678
0.9112183
-10.01424
357.6907
90.26943
-0.001302209
-14.27291
0.9111854
-10.01476
357.6897
90.26447
-0.001848855
-14.17584
0.911199
-10.01524
357.6842
90.26161
-0.001882721
-14.07656
0.9112456
-10.01566
357.6759
90.26305
-0.00127851
-14.07656
0.9112456
-10.01566
357.6759
90.26305
-0.00127851
-13.97522
0.9113247
-10.01619
357.6676
90.25801
-0.001387464
-13.87237
0.9115275
-10.01663
357.6677
90.259
-0.0009035072
-13.76767
0.911667
-10.01709
357.6672
90.25985
-0.0004441169
-13.71453
0.911701
-10.01732
357.6656
90.26039
-0.0002403233
-13.66083
0.9117197
-10.01755
357.6633
90.2612
-3.236359E-05
-13.55044
0.9265826
-10.01819
358.1976
90.26056
359.9877
-13.49387
0.9404326
-10.01857
358.7335
90.26128
359.978
-13.38167
0.9571298
-10.01918
359.5056
90.25796
359.9806
-13.27076
0.9616448
-10.01965
359.8788
90.25554
359.9893
-13.27076
0.9616448
-10.01965
359.8788
90.25554
359.9893
-13.15907
0.9618337
-10.02019
0.07171085
90.24878
-0.005385108
-13.04671
0.9605373
-10.02071
0.1706553
90.24257
-0.002492823
-12.93277
0.9589005
-10.02118
0.207302
90.2419
-0.0008733228
-12.87521
0.9581687
-10.02142
0.2114481
90.24155
-0.0003221083
-12.81719
0.9575266
-10.02168
0.2080314
90.24034
9.716408E-05
-12.69968
0.956565
-10.02217
0.1852311
90.23964
0.0005629532
-12.58016
0.9560177
-10.02268
0.1488537
90.23877
0.0007322333
-12.51962
0.9558748
-10.02294
0.1277297
90.23841
0.0007395766
-12.45854
0.9558033
-10.02319
0.1056095
90.23808
0.0007171677
-12.33476
0.9558197
-10.02372
0.0603611
90.23753
0.000602998
-12.27197
0.9558728
-10.02398
0.03724368
90.23727
0.0005293664
-12.14456
0.9560343
-10.02452
359.9925
90.2369
0.0003745039
-12.01479
0.9562387
-10.02506
359.9528
90.23656
0.000228668
-12.01479
0.9562387
-10.02506
359.9528
90.23656
0.000228668
-11.88306
0.9564946
-10.02561
359.9241
90.23638
0.0001067585
-11.74916
0.9567056
-10.02617
359.9024
90.23615
1.211293E-05
-11.61312
0.956863
-10.02673
359.8875
90.23598
-5.386789E-05
-11.61312
0.956863
-10.02673
359.8875
90.23598
-5.386789E-05
-11.47494
0.9569637
-10.02731
359.8785
90.23584
-9.779063E-05
-11.33692
0.9415799
-10.02765
0.3149379
90.23186
0.02983632
-11.1982
0.9289517
-10.02838
0.9404088
90.23215
0.01123723
-11.12801
0.9238806
-10.02886
1.235395
90.22314
0.00586049
-11.05758
0.9195638
-10.02922
1.512558
90.22221
0.001332511
-10.91569
0.9127493
-10.02992
1.986758
90.21938
-0.004417305
-10.77283
0.908104
-10.03047
2.347767
90.22677
359.992
-10.70086
0.9064138
-10.03084
2.481593
90.22083
359.9922
-10.62862
0.9051304
-10.03111
2.588065
90.22372
359.9917
-10.48325
0.9035796
-10.03172
2.725141
90.22137
359.9921
-10.33689
0.903154
-10.03229
2.779827
90.2215
359.9928
-10.26344
0.9032737
-10.03263
2.783709
90.21708
359.9939
-10.18948
0.903493
-10.03294
2.77003
90.2142
-0.00521315
-10.0411
0.9043506
-10.03347
2.717495
90.21692
-0.00465948
-9.891923
0.9055104
-10.03404
2.641582
90.21551
-0.003444368
-9.817205
0.9061691
-10.03433
2.601555
90.21487
-0.002918218
-9.741951
0.9067599
-10.03461
2.555261
90.21428
-0.002458217
-9.666879
0.9074136
-10.0349
2.514702
90.21375
-0.002057441
-9.516108
0.9085812
-10.03547
2.435055
90.21278
-0.001417477
-9.365103
0.9095902
-10.03604
2.368568
90.21198
-0.0009605688
-9.213991
0.9103922
-10.0366
2.317482
90.21131
-0.0006441654
-9.213991
0.9103922
-10.0366
2.317482
90.21131
-0.0006441654
-9.068271
0.900773
-10.03708
1.930511
90.20892
0.008952093
-8.935442
0.8779152
-10.03762
1.02862
90.20131
0.01228933
-8.797618
0.8706383
-10.03831
0.6006687
90.19692
-0.0003946518
-8.797618
0.8706383
-10.03831
0.6006687
90.19692
-0.0003946518
-8.658379
0.8676366
-10.03895
0.3200455
90.19235
359.9932
-8.518305
0.8668269
-10.03951
0.1375065
90.19008
359.9905
-8.377672
0.8669823
-10.04004
0.02124967
90.18775
359.9901
-8.377672
0.8669823
-10.04004
0.02124967
90.18775
359.9901
-8.236678
0.8674443
-10.04055
359.9515
90.18581
359.9908
-8.095446
0.8678938
-10.04103
359.9151
90.18421
359.9921
-8.0246
0.8680357
-10.04126
359.9041
90.18353
359.9928
-7.883172
0.8682591
-10.04172
359.9009
90.1823
359.9943
-7.741727
0.8683261
-10.04217
359.912
90.1813
-0.004388575
-7.671166
0.8683382
-10.0424
359.9232
90.18085
-0.003780262
-7.600352
0.868272
-10.04262
359.9324
90.18044
-0.003223742
-7.458792
0.8680794
-10.04307
359.9536
90.17976
-0.002276176
-7.317308
0.8678687
-10.04351
359.9773
90.17918
-0.001534462
-7.246804
0.8678019
-10.04373
359.992
90.17892
-0.001237007
-7.176068
0.8676887
-10.04395
0.002735994
90.17874
-0.000983748
-7.034664
0.8674555
-10.04439
0.02134947
90.17802
-0.0005981676
-6.893376
0.8672768
-10.04484
0.0377154
90.17768
-0.0003388565
-6.822956
0.8672413
-10.04505
0.04731703
90.17754
-0.0002463738
-6.752183
0.8671443
-10.04527
0.05079834
90.17741
-0.000171787
-6.611089
0.8670532
-10.04571
0.06045084
90.17719
-7.190044E-05
-6.470126
0.8670043
-10.04615
0.06731422
90.1771
-1.616168E-05
-6.470126
0.8670043
-10.04615
0.06731422
90.1771
-1.616168E-05
-6.329481
0.86702
-10.04659
0.07411544
90.17703
1.106571E-05
-6.188815
0.8670207
-10.04702
0.07621931
90.17709
1.006186E-05
-6.0481
0.8670108
-10.04746
0.07448566
90.17635
7.845052E-05
-6.0481
0.8670108
-10.04746
0.07448566
90.17635
7.845052E-05
-5.907423
0.8670151
-10.0479
0.07137021
90.17625
3.458787E-05
-5.766813
0.8670388
-10.04834
0.0680967
90.176
-2.224482E-06
-5.626311
0.8670837
-10.04879
0.0657411
90.17459
-4.165484E-06
-5.626311
0.8670837
-10.04879
0.0657411
90.17459
-4.165484E-06
-5.485811
0.8671108
-10.04922
0.06250982
90.17477
-9.871429E-05
-5.345432
0.8671497
-10.04963
0.06065404
90.17652
-0.0001671129
-5.205038
0.8671644
-10.05006
0.05801024
90.17634
-9.464553E-05
-5.205038
0.8671644
-10.05006
0.05801024
90.17634
-9.464553E-05
-5.064772
0.8671924
-10.05052
0.05705578
90.17438
-3.602526E-05
-4.924539
0.8672062
-10.05096
0.05609836
90.17313
-8.276939E-05
-4.784371
0.8672183
-10.05136
0.05573162
90.17545
-0.0001121179
-4.784371
0.8672183
-10.05136
0.05573162
90.17545
-0.0001121179
-4.6442
0.8672143
-10.05179
0.05488392
90.17514
-1.20879E-05
-4.504152
0.8672214
-10.05225
0.05527323
90.17335
-4.564023E-06
-4.3642
0.8672294
-10.05266
0.05622362
90.174
-0.0001042305
-4.3642
0.8672294
-10.05266
0.05622362
90.174
-0.0001042305
-4.224171
0.8672036
-10.05309
0.05507922
90.17442
-4.628056E-05
-4.084205
0.8671944
-10.05351
0.05475793
90.17464
7.638943E-06
-3.9444
0.8672129
-10.05392
0.05633417
90.1761
3.065915E-05
-3.9444
0.8672129
-10.05392
0.05633417
90.1761
3.065915E-05
-3.804543
0.8671933
-10.05435
0.05571621
90.17607
5.411627E-05
-3.664744
0.8671792
-10.05478
0.05521726
90.17606
6.032114E-05
-3.524997
0.8671745
-10.05521
0.05508075
90.17606
5.761641E-05
-3.524997
0.8671745
-10.05521
0.05508075
90.17606
5.761641E-05
-3.385305
0.867174
-10.05564
0.05512728
90.17606
4.987408E-05
-3.245668
0.867175
-10.05607
0.05525534
90.17606
4.047256E-05
-3.106088
0.867176
-10.0565
0.05540941
90.17606
3.176307E-05
-3.036319
0.8671764
-10.05671
0.05548855
90.17606
2.649535E-05
-2.966563
0.8671768
-10.05693
0.05556044
90.17606
2.242491E-05
-2.827096
0.867177
-10.05735
0.05569335
90.17606
1.546631E-05
-2.687684
0.8671772
-10.05778
0.0558051
90.17607
1.026363E-05
-2.618
0.8671771
-10.058
0.05585222
90.17608
7.954106E-06
-2.548329
0.867177
-10.05821
0.0558921
90.17608
6.840198E-06
-2.40903
0.8671769
-10.05864
0.05595614
90.17607
2.147775E-06
-2.269788
0.8671769
-10.05907
0.05599841
90.17608
1.020527E-06
-2.200188
0.8671768
-10.05928
0.05601354
90.17608
-7.437172E-07
-2.130602
0.8671768
-10.05949
0.0560244
90.17607
-7.237069E-07
-1.991472
0.8671768
-10.05992
0.05603708
90.17607
-9.671658E-08
-1.852398
0.8671769
-10.06035
0.0560395
90.17607
-1.300671E-06
-1.782882
0.8671769
-10.06056
0.05603709
90.17607
-1.304006E-06
-1.713381
0.8671769
-10.06078
0.05603287
90.17607
-1.917656E-06
-1.643893
0.867177
-10.06099
0.05602863
90.17607
-1.320682E-06
-1.50496
0.8671771
-10.06142
0.05601655
90.17608
-1.340692E-06
-1.366082
0.8671774
-10.06184
0.05600448
90.17608
-1.364037E-06
-1.227261
0.8671776
-10.06227
0.05599178
90.17608
-8.037482E-07
-1.227261
0.8671776
-10.06227
0.05599178
90.17608
-8.037482E-07
-1.088496
0.8671777
-10.0627
0.05597849
90.17608
3.835313E-07
-0.9497861
0.8671778
-10.06313
0.05596641
90.17607
3.568508E-07
-0.8111325
0.8671777
-10.06355
0.05595553
90.17607
1.54413E-06
-0.8111325
0.8671777
-10.06355
0.05595553
90.17607
1.54413E-06
-0.6725348
0.8671778
-10.06398
0.0559489
90.17607
2.136102E-06
-0.5388405
0.8675846
-10.06439
0.1008301
90.17607
1.253982E-06
-0.4139341
0.8679972
-10.06477
0.1869164
90.17608
3.134967E-07
-0.4139341
0.8679972
-10.06477
0.1869164
90.17608
3.134967E-07
-0.243892
0.8681656
-10.06529
0.3439523
90.17608
-1.414088E-06
-0.1919772
0.868099
-10.06545
0.3967938
90.17607
-2.668106E-07
-0.09545869
0.8678373
-10.06575
0.4968055
90.17607
4.535843E-07
-0.09545869
0.8678373
-10.06575
0.4968055
90.17607
4.535843E-07
-0.008812308
0.8674785
-10.06602
0.5850473
90.17608
1.040591E-06
0.06786424
0.867101
-10.06625
0.6586298
90.17607
6.403725E-07
0.1345224
0.8667606
-10.06646
0.7165145
90.17606
-1.093983E-06
0.1640905
0.8666153
-10.06655
0.7396297
90.17608
-6.670662E-07
0.191153
0.8664905
-10.06663
0.7590286
90.17608
2.134621E-07
0.2377751
0.8663054
-10.06678
0.7874628
90.17608
-7.471224E-07
0.2744285
0.866208
-10.06689
0.8037228
90.17608
6.937593E-07
0.2890331
0.8662033
-10.06693
0.8079491
90.17609
1.307471E-06
0.3011659
0.8662325
-10.06697
0.8097864
90.17607
3.201971E-07
0.3180525
0.8663904
-10.06702
0.8068882
90.17607
-1.04064E-06
0.3262909
0.8665024
-10.06705
0.7825117
90.17608
-4.536095E-07
0.3264148
0.8669747
-10.06704
0.7866716
90.17523
0.0008893692
0.3259667
0.8669298
-10.06703
0.7570513
90.17509
0.001259639
0.3244737
0.8667926
-10.06702
0.658803
90.17503
0.001627934
0.3235574
0.8667915
-10.06702
0.5985644
90.17503
0.001678904
0.3215958
0.8669748
-10.06701
0.4698173
90.17502
0.001587379
0.3196531
0.8673687
-10.06701
0.3425416
90.17501
0.001347172
0.3196531
0.8673687
-10.06701
0.3425416
90.17501
0.001347172
0.3178809
0.8678838
-10.06701
0.2266418
90.17502
0.001046214
0.3163661
0.8684276
-10.06701
0.1277463
90.17504
0.0007505555
0.3151486
0.8689266
-10.06701
0.04836637
90.17506
0.0004919622
0.3151486
0.8689266
-10.06701
0.04836637
90.17506
0.0004919622
0.3142335
0.8693348
-10.06701
359.9888
90.17507
0.0002866045
0.3136011
0.8696302
-10.06701
359.9476
90.17509
0.0001377011
0.3132168
0.8698102
-10.06701
359.9226
90.17509
3.91769E-05
0.313104
0.8698604
-10.06701
359.9153
90.1751
5.015926E-06
0.3130367
0.8698865
-10.06701
359.9109
90.17513
-1.992363E-05
0.3130137
0.8698776
-10.06701
359.9095
90.17513
-4.898865E-05
0.3131033
0.8698045
-10.06701
359.9153
90.17513
-5.904719E-05
0.3131033
0.8698045
-10.06701
359.9153
90.17513
-5.904719E-05
0.3132647
0.8696882
-10.06701
359.9258
90.17513
-5.621237E-05
0.3133615
0.8696203
-10.06701
359.9321
90.17513
-5.137987E-05
0.3135692
0.8694767
-10.06701
359.9456
90.17513
-4.219344E-05
0.3137766
0.8693345
-10.06701
359.9591
90.17513
-3.185143E-05
0.3138748
0.8692676
-10.06701
359.9655
90.17513
-2.503458E-05
0.3140525
0.8691475
-10.06701
359.9771
90.17513
-1.756072E-05
0.3141992
0.8690492
-10.06701
359.9866
90.17513
-1.070802E-05
0.3142599
0.869009
-10.06701
359.9905
90.17513
-7.210802E-06
0.3143554
0.8689463
-10.06701
-0.003234088
90.17513
-1.941313E-06
0.3143554
0.8689463
-10.06701
-0.003234088
90.17513
-1.941313E-06
0.3144188
0.8689058
-10.06701
0.0008874123
90.17513
1.079202E-07
0.3144538
0.8688848
-10.06701
0.003171972
90.17513
1.307758E-06
0.3144658
0.8688792
-10.06701
0.003949999
90.17513
1.738813E-06
0.3144658
0.8688792
-10.06701
0.003949999
90.17513
1.738813E-06
0.3144602
0.8688853
-10.06701
0.003588773
90.17513
2.187378E-06
0.3144426
0.868899
-10.06701
0.002439256
90.17513
1.583421E-06
0.3144308
0.8689076
-10.06701
0.001673307
90.17513
1.174512E-06
0.3144177
0.868917
-10.06701
0.0008258123
90.17513
1.201062E-06
0.3143758
0.8689466
-10.06701
-0.001900313
90.17513
2.094413E-06
0.3143758
0.8689466
-10.06701
-0.001900313
90.17513
2.094413E-06
0.3143367
0.8689734
-10.06701
-0.004448248
90.17513
1.541628E-06
0.3143367
0.8689734
-10.06701
-0.004448248
90.17513
1.541628E-06
0.3143151
0.8689879
-10.06701
359.9941
90.17513
9.825901E-07
0.314298
0.8689997
-10.06701
359.993
90.17514
1.010521E-06
0.314291
0.8690045
-10.06701
359.9926
90.17513
1.257732E-06
0.3142804
0.8690116
-10.06701
359.9919
90.17513
-1.859292E-07
0.314274
0.869016
-10.06701
359.9915
90.17514
1.91974E-06
0.314272
0.8690174
-10.06701
359.9913
90.17514
1.64835E-06
0.3142704
0.8690186
-10.06701
359.9912
90.17514
8.20423E-07
0.3142704
0.8690186
-10.06701
359.9912
90.17514
-3.822804E-07
0.3142718
0.8690175
-10.06701
359.9913
90.17514
-7.804024E-07
0.3142718
0.8690175
-10.06701
359.9913
90.17514
-7.804024E-07
0.3142744
0.8690157
-10.06701
359.9915
90.17514
-4.22718E-07
0.3142776
0.8690134
-10.06701
359.9917
90.17513
3.585182E-08
0.3142812
0.8690109
-10.06701
359.9919
90.17513
-6.670107E-07
0.3142812
0.8690109
-10.06701
359.9919
90.17513
-6.670107E-07
0.3142845
0.8690087
-10.06701
359.9922
90.17513
1.012606E-06
0.3142876
0.8690065
-10.06701
359.9924
90.17514
8.279269E-07
0.3142902
0.8690048
-10.06701
359.9925
90.17513
5.698772E-07
0.3142913
0.8690041
-10.06701
359.9926
90.17513
1.129749E-07
0.314292
0.8690035
-10.06701
359.9926
90.17513
8.475204E-07
0.3142936
0.8690025
-10.06701
359.9927
90.17513
1.051376E-06
0.314294
0.8690022
-10.06701
359.9928
90.17513
1.111823E-06
0.3142947
0.8690017
-10.06701
359.9928
90.17513
1.206039E-06
0.3142949
0.8690016
-10.06701
359.9928
90.17513
6.324095E-07
0.3142949
0.8690016
-10.06701
359.9928
90.17513
6.324095E-07
0.3142949
0.8690017
-10.06701
359.9928
90.17513
2.376225E-08
0.3142947
0.8690019
-10.06701
359.9928
90.17513
-1.000516E-08
0.3142941
0.8690023
-10.06701
359.9928
90.17514
5.290228E-07
0.3142939
0.8690025
-10.06701
359.9928
90.17513
5.023424E-07
0.3142937
0.8690026
-10.06701
359.9928
90.17513
4.735776E-07
0.3142935
0.8690028
-10.06701
359.9927
90.17513
-1.600826E-07
0.314293
0.8690031
-10.06701
359.9927
90.17513
-2.155278E-07
0.3142924
0.8690033
-10.06701
359.9927
90.17513
3.193313E-07
0.3142922
0.8690035
-10.06701
359.9927
90.17513
2.972366E-07
0.3142917
0.8690038
-10.06701
359.9926
90.17513
8.475204E-07
0.3142916
0.8690039
-10.06701
359.9926
90.17513
8.183387E-07
