2.89993
0.8690155
-77.3
359.9915
89.99994
-1.834279E-07
2.89993
0.8690155
-77.3
359.9915
89.99994
-1.834279E-07
2.899937
0.8690108
-77.3
359.9919
89.99994
6.686781E-07
2.899937
0.8690108
-77.3
359.9919
89.99994
6.686781E-07
2.899943
0.8690069
-77.3
359.9923
89.99995
1.503692E-06
2.899943
0.8690069
-77.3
359.9923
89.99995
1.503692E-06
2.899947
0.869004
-77.3
359.9926
89.99994
1.668777E-06
2.899947
0.869004
-77.3
359.9926
89.99994
1.668777E-06
2.89995
0.8690022
-77.3
359.9928
89.99994
1.178108E-06
2.89995
0.8690022
-77.3
359.9928
89.99994
1.178108E-06
2.899951
0.8690014
-77.3
359.9929
89.99994
1.826358E-06
2.899951
0.8690014
-77.3
359.9929
89.99994
1.826358E-06
2.899951
0.8690013
-77.3
359.9929
89.99994
2.001032E-08
2.899951
0.8690013
-77.3
359.9929
89.99994
2.001032E-08
2.899951
0.8690017
-77.3
359.9929
89.99994
-1.800095E-06
2.899951
0.8690017
-77.3
359.9929
89.99994
-1.800095E-06
2.899951
0.8690023
-77.3
359.9928
89.99994
-1.83553E-06
2.89995
0.8690025
-77.3
359.9928
89.99994
-2.445011E-06
2.899949
0.8690027
-77.3
359.9927
89.99994
-3.664806E-06
2.899949
0.8690031
-77.3
359.9927
89.99994
-2.481696E-06
2.899949
0.8690034
-77.3
359.9927
89.99994
-2.491701E-06
2.899949
0.8690037
-77.3
359.9927
89.99994
-1.307758E-06
2.899948
0.8690038
-77.3
359.9926
89.99994
-1.315261E-06
2.899948
0.8690039
-77.3
359.9926
89.99994
-1.317763E-06
2.899948
0.8690041
-77.3
359.9926
89.99994
-1.342359E-07
2.899948
0.8690042
-77.3
359.9926
89.99994
-7.39548E-07
2.899948
0.8690042
-77.3
359.9926
89.99994
4.656568E-07
2.899948
0.8690042
-77.3
359.9926
89.99994
4.652399E-07
2.899948
0.8690043
-77.3
359.9926
89.99994
1.068468E-06
2.899948
0.8690043
-77.3
359.9926
89.99994
1.068468E-06
2.899948
0.8690042
-77.3
359.9926
89.99994
1.672946E-06
2.899948
0.8690042
-77.3
359.9926
89.99994
2.277008E-06
2.899948
0.8690042
-77.3
359.9926
89.99994
2.278675E-06
2.899948
0.8690041
-77.3
359.9926
89.99994
2.279092E-06
2.899948
0.8690042
-77.3
359.9926
89.99994
2.281593E-06
2.899948
0.8690042
-77.3
359.9926
89.99994
2.282427E-06
2.899948
0.869004
-77.3
359.9926
89.99994
4.910866E-07
2.899948
0.869004
-77.3
359.9926
89.99994
4.910866E-07
2.899948
0.869004
-77.3
359.9926
89.99994
-1.108905E-07
2.899948
0.8690039
-77.3
359.9926
89.99994
-1.100568E-07
2.899948
0.8690039
-77.3
359.9926
89.99994
-1.100567E-07
2.899948
0.8690039
-77.3
359.9926
89.99994
-1.096399E-07
2.900732
0.868917
-77.3
359.9846
89.99994
-1.15643E-06
2.900787
0.8689749
-77.3
359.9873
89.99994
1.02136E-06
2.901319
0.8689485
-77.3
359.9839
89.99994
8.512723E-07
2.902764
0.868898
-77.3
359.9764
89.99994
1.946004E-06
2.903579
0.868948
-77.3
359.9763
90.00004
-5.577042E-06
2.90653
0.8688685
-77.30003
359.9636
89.99792
0.000137716
2.908457
0.8688594
-77.30003
359.9578
89.9976
-0.000191267
2.913287
0.8688275
-77.30003
359.9448
89.99694
-0.0004388832
2.916314
0.8688102
-77.30001
359.9377
89.99831
-0.0002639196
2.923874
0.8687901
-77.30004
359.9226
89.99632
0.0001073355
2.928521
0.8687462
-77.3
359.9128
89.99902
0.0001925595
2.939462
0.8686677
-77.30006
359.8936
89.99574
0.0004913775
2.945595
0.8686533
-77.30011
359.8867
89.99239
0.0003391156
2.959806
0.8686196
-77.3002
359.8725
89.98426
-0.0002037389
2.967726
0.8686146
-77.30025
359.8674
89.97945
-0.0005859971
2.984931
0.8686206
-77.30024
359.8622
89.97829
-0.0009290085
2.99404
0.8686433
-77.30031
359.8637
89.97229
-0.0008236871
3.014679
0.868505
-77.30026
359.8565
89.97354
-0.0007667111
3.025548
0.8685042
-77.30029
359.8583
89.9714
-0.0002772571
3.048815
0.8684557
-77.30018
359.8624
89.97819
-4.710443E-05
3.061493
0.8683488
-77.30017
359.8602
89.97878
0.0001559676
3.088009
0.8682592
-77.30013
359.8645
89.98087
0.0003117683
3.102314
0.8681677
-77.30006
359.8638
89.9859
0.0003147232
3.132218
0.8681072
-77.30006
359.8701
89.98585
0.0005609241
3.164533
0.867944
-77.29995
359.8712
89.99324
0.0006617095
3.18157
0.8678498
-77.30001
359.8711
89.98849
0.0005160074
3.216967
0.8677573
-77.29997
359.8768
89.99052
0.0001169272
3.235629
0.8676981
-77.29992
359.8782
89.99432
0.0002953063
3.274125
0.8676223
-77.29998
359.8856
89.98939
0.0001637581
3.294438
0.8675041
-77.29998
359.8842
89.98827
-9.608975E-05
3.336431
0.8674122
-77.30006
359.8886
89.98132
-0.0002509899
3.358205
0.8673679
-77.29998
359.8907
89.98663
-0.0002054063
3.40293
0.867376
-77.30002
359.9008
89.98377
0.0001425204
3.42606
0.8673609
-77.30009
359.9045
89.9774
0.0001282863
3.474011
0.867263
-77.30011
359.907
89.97377
-0.0003213628
3.498956
0.8672244
-77.30003
359.9067
89.97849
-0.0003196553
3.549833
0.8672307
-77.30003
359.912
89.97859
0.0001551535
3.549833
0.8672307
-77.30003
359.912
89.97859
0.0001551535
3.630508
0.8671698
-77.29992
359.9114
89.98524
0.0002609449
3.630508
0.8671698
-77.29992
359.9114
89.98524
0.0002609449
3.71614
0.8671393
-77.2997
359.9082
90.00123
0.0004048993
3.71614
0.8671393
-77.2997
359.9082
90.00123
0.0004048993
3.806424
0.8671401
-77.29974
359.9059
89.99963
0.001035295
3.806424
0.8671401
-77.29974
359.9059
89.99963
0.001035295
3.90151
0.867175
-77.29993
359.9047
89.98532
0.0001183345
3.90151
0.867175
-77.29993
359.9047
89.98532
0.0001183345
4.001103
0.8672081
-77.29969
359.9053
90.00185
-0.00020616
4.001103
0.8672081
-77.29969
359.9053
90.00185
-0.00020616
4.105685
0.8671937
-77.2996
359.9029
90.00901
0.0004890762
4.105685
0.8671937
-77.2996
359.9029
90.00901
0.0004890762
4.214445
0.8672984
-77.29956
359.9093
90.01441
0.0009326421
4.214445
0.8672984
-77.29956
359.9093
90.01441
0.0009326421
4.32794
0.8672506
-77.29971
359.9088
90.00538
0.0005630777
4.32794
0.8672506
-77.29971
359.9088
90.00538
0.0005630777
4.446328
0.8672025
-77.29968
359.9061
90.00839
9.709688E-05
4.446328
0.8672025
-77.29968
359.9061
90.00839
9.709688E-05
4.56963
0.8672025
-77.29968
359.9043
90.01009
4.364924E-05
4.56963
0.8672025
-77.29968
359.9043
90.01009
4.364924E-05
4.697439
0.8672544
-77.2997
359.9065
90.01025
-4.225518E-06
4.697439
0.8672544
-77.2997
359.9065
90.01025
-4.225518E-06
4.829984
0.8672293
-77.29977
359.9057
90.00685
-0.0002061499
4.829984
0.8672293
-77.29977
359.9057
90.00685
-0.0002061499
4.967342
0.8672409
-77.29978
359.9058
90.00704
-0.0002114227
4.967342
0.8672409
-77.29978
359.9058
90.00704
-0.0002114227
5.109669
0.8671797
-77.2998
359.9016
90.00757
-1.642182E-05
5.158239
0.867156
-77.29981
359.8997
90.00729
-3.619539E-05
5.256818
0.8671762
-77.29983
359.8997
90.00697
-0.0001028332
5.306639
0.8672396
-77.29988
359.9037
90.00375
-0.0001313979
5.407574
0.8673407
-77.29987
359.9123
90.00404
-0.0002361187
5.458809
0.8673518
-77.29987
359.9148
90.0042
-0.0002513065
5.562843
0.8673359
-77.29987
359.9173
90.00462
-0.0002345445
5.615645
0.8673195
-77.29987
359.9177
90.00478
-0.0002117794
5.668975
0.8673021
-77.29988
359.9178
90.00492
-0.0001855759
5.777221
0.8672695
-77.29989
359.9169
90.00515
-0.0001287932
5.832144
0.8672559
-77.2999
359.9161
90.00526
-9.818073E-05
5.943608
0.8672336
-77.29991
359.914
90.00541
-4.621722E-05
6.000154
0.8672259
-77.29992
359.9128
90.00548
-2.425253E-05
6.114833
0.867223
-77.29993
359.9106
90.0056
1.332022E-05
6.17296
0.8672266
-77.29993
359.9098
90.00564
2.657707E-05
6.290788
0.8672377
-77.29995
359.9085
90.00572
4.608382E-05
6.350489
0.8672435
-77.29996
359.908
90.00575
5.409463E-05
6.471474
0.8672532
-77.29997
359.9071
90.00581
6.122833E-05
6.532763
0.8672562
-77.29998
359.9067
90.00583
6.212213E-05
6.656989
0.8672506
-77.3
359.9052
90.00588
6.109826E-05
6.783909
0.8671546
-77.30001
359.897
90.00592
5.579554E-05
6.847875
0.8671904
-77.30002
359.8984
90.00594
5.238376E-05
6.977856
0.8671864
-77.30003
359.896
90.00588
4.313899E-05
7.043655
0.8671857
-77.30003
359.8951
90.00623
4.161487E-05
7.17679
0.8671905
-77.30007
359.8946
90.00466
3.495142E-06
7.243917
0.8672366
-77.30008
359.8978
90.0047
-1.935668E-05
7.380079
0.8672508
-77.30009
359.8995
90.00477
-4.686424E-05
7.449104
0.8672205
-77.3001
359.898
90.00481
-5.50885E-05
7.588393
0.8672183
-77.30012
359.8995
90.00484
-5.914391E-05
7.588393
0.8672183
-77.30012
359.8995
90.00484
-5.914391E-05
7.801093
0.8672384
-77.30014
359.9036
90.0049
-4.950894E-05
7.801093
0.8672384
-77.30014
359.9036
90.0049
-4.950894E-05
8.018741
0.8672004
-77.30016
359.9034
90.00495
-3.291369E-05
8.092166
0.8672243
-77.30017
359.9056
90.00496
-2.732079E-05
8.240824
0.8672168
-77.30018
359.9062
90.00498
-1.857294E-05
8.316028
0.8671907
-77.30019
359.9048
90.00499
-1.278328E-05
8.39157
0.8672095
-77.30019
359.9064
90.005
-7.620607E-06
8.544164
0.8672224
-77.29821
359.9086
89.96462
359.912
8.621241
0.8672056
-77.29643
359.9085
89.92616
359.8629
8.775955
0.8672503
-77.28933
359.9168
89.77668
359.6833
8.85368
0.8672758
-77.28433
359.9228
89.67167
359.6017
9.009344
0.8673244
-77.27008
359.9398
89.36499
359.392
9.087424
0.8673
-77.26116
359.9472
89.167
359.3039
9.242899
0.8673121
-77.23877
359.9716
88.67708
359.1205
9.396776
0.8673414
-77.20984
0.006708847
88.04807
358.937
9.396776
0.8673414
-77.20984
0.006708847
88.04807
358.937
9.622323
0.8673491
-77.15358
0.07714786
86.8365
358.7079
9.696161
0.8672942
-77.13169
0.09967471
86.36617
358.6593
9.841685
0.8671559
-77.08363
0.1425459
85.34693
358.6115
9.913498
0.8670826
-77.05769
0.1616606
84.80349
358.6133
9.984946
0.8669735
-77.03062
0.1759241
84.23682
358.6279
10.12822
0.8666875
-76.97512
0.1834079
83.07862
358.7733
10.19994
0.8666037
-76.94669
0.1826491
82.48796
358.8647
10.34553
0.8664015
-76.8904
0.1587873
81.31946
359.1399
10.41919
0.8663485
-76.86224
0.1420135
80.74281
359.2716
10.56887
0.8663317
-76.80767
0.1010409
79.62972
359.584
10.72183
0.8664355
-76.75571
0.05719322
78.59184
359.8977
10.79927
0.8665431
-76.73044
0.03793936
78.09749
0.01983424
10.95657
0.8667545
-76.68224
0.001116389
77.20093
0.2687756
10.95657
0.8667545
-76.68224
0.001116389
77.20093
0.2687756
11.19719
0.8670852
-76.61672
359.9642
76.12868
0.592105
11.19719
0.8670852
-76.61672
359.9642
76.12868
0.592105
11.35973
0.8672819
-76.57608
359.9534
75.57644
0.6903912
11.52332
0.8674299
-76.53657
359.9513
75.12802
0.6884529
11.60532
0.8674957
-76.51699
359.9538
74.93333
0.6580613
11.76966
0.8675624
-76.47765
359.9614
74.59885
0.5596007
11.93396
0.8675863
-76.43786
359.9743
74.32069
0.435914
12.01609
0.8675634
-76.41765
359.9808
74.20104
0.3719124
12.18001
0.867517
-76.37664
-0.003285481
73.98851
0.2498176
12.18001
0.867517
-76.37664
-0.003285481
73.98851
0.2498176
12.42518
0.8674121
-76.31331
0.02068814
73.73091
0.09827255
12.50681
0.8673518
-76.29164
0.02648642
73.6608
0.05827786
12.58822
0.8673226
-76.26981
0.03391669
73.59374
0.02373768
12.75089
0.8672402
-76.22539
0.04493111
73.47812
359.9701
12.83217
0.8671862
-76.20281
0.04831535
73.42845
359.9503
12.99436
0.8671227
-76.15717
0.05547838
73.33813
359.923
13.15625
0.8670765
-76.11085
0.06045138
73.26173
359.9089
13.15625
0.8670765
-76.11085
0.06045138
73.26173
359.9089
13.39843
0.867076
-76.04036
0.06677642
73.16857
359.9054
13.47923
0.8670414
-76.01658
0.06520773
73.14201
359.9073
13.55971
0.8670723
-75.99279
0.06763456
73.11768
359.9104
13.72079
0.867079
-75.94487
0.06739801
73.07424
359.9187
13.80141
0.8670537
-75.92076
0.06483749
73.05491
359.9236
13.96226
0.8670698
-75.87244
0.06360996
73.02061
359.9337
14.12297
0.8670884
-75.82392
0.06207713
72.99127
359.9438
14.20315
0.867129
-75.79964
0.06340238
72.97823
359.9486
14.36368
0.8671474
-75.7509
0.06180331
72.955
359.9576
14.36368
0.8671474
-75.7509
0.06180331
72.955
359.9576
14.52412
0.8671641
-75.70205
0.06034162
72.93508
359.9653
14.68445
0.8671782
-75.65311
0.05910127
72.91804
359.972
14.76473
0.8671529
-75.62858
0.05643514
72.91045
359.9748
14.92493
0.8671622
-75.57955
0.05558159
72.89693
359.9798
15.08505
0.8671687
-75.53047
0.05498691
72.88535
359.9837
15.08505
0.8671687
-75.53047
0.05498691
72.88535
359.9837
15.32495
0.8672048
-75.45683
0.05667076
72.87099
359.9882
15.40505
0.8671741
-75.43221
0.05444804
72.8669
359.9894
15.48487
0.8672056
-75.40768
0.05658246
72.8631
359.9904
15.64472
0.8672051
-75.35851
0.05662633
72.85633
359.9921
15.80449
0.8672037
-75.30933
0.05675721
72.85055
359.9934
15.80449
0.8672037
-75.30933
0.05675721
72.85055
359.9934
16.04415
0.8671689
-75.2355
0.05485724
72.84335
-0.005066062
16.12382
0.8671992
-75.21095
0.05713817
72.8413
-0.004673189
16.20374
0.8671665
-75.1863
0.0550543
72.83939
-0.00432085
16.36326
0.8671644
-75.13711
0.05524167
72.83601
-0.003717311
16.52271
0.8671623
-75.08791
0.05540281
72.83308
-0.003216792
16.52271
0.8671623
-75.08791
0.05540281
72.83308
-0.003216792
16.68209
0.8671607
-75.03873
0.05553412
72.8306
-0.002798546
16.8414
0.8671597
-74.98956
0.05563499
72.82845
-0.002439756
17.00064
0.867159
-74.94039
0.05570212
72.82661
-0.002130114
17.00064
0.867159
-74.94039
0.05570212
72.82661
-0.002130114
17.15981
0.8671585
-74.89123
0.05574054
72.82503
-0.001857452
17.31891
0.8671584
-74.84208
0.05575665
72.82367
-0.00162025
17.47795
0.8671583
-74.79295
0.05575502
72.82251
-0.001413016
17.5573
0.8671901
-74.76842
0.05796169
72.82199
-0.001317627
17.71623
0.8671905
-74.71931
0.05794675
72.82106
-0.001142386
17.79582
0.8671587
-74.69471
0.05571714
72.82065
-0.001063105
17.8751
0.8671911
-74.6702
0.05792586
72.82026
-0.0009884501
18.0339
0.8671911
-74.62112
0.05789796
72.81959
-0.0008512978
18.11342
0.867159
-74.59654
0.05565786
72.81927
-0.0007913535
18.27213
0.8671592
-74.54749
0.05563141
72.81874
-0.0006827508
18.35131
0.8671917
-74.52301
0.05785282
72.81849
-0.0006315961
18.50992
0.867192
-74.47397
0.05783504
72.81805
-0.0005409609
18.66846
0.867192
-74.42496
0.05782064
72.8177
-0.0004637127
18.74784
0.8671597
-74.40041
0.05557455
72.81752
-0.0004292983
18.82693
0.8671923
-74.37596
0.05781129
72.81738
-0.0003965063
18.98534
0.8671924
-74.32699
0.05780605
72.8171
-0.0003379211
19.14368
0.8671924
-74.27802
0.05780238
72.81687
-0.0002887607
19.22276
0.8671659
-74.25299
0.0561096
72.80504
359.9685
19.30134
0.867203
-74.2276
0.05910142
72.78464
359.9295
19.45732
0.8672374
-74.17399
0.06469839
72.68172
359.7732
19.61055
0.8672925
-74.11612
0.07742275
72.47956
359.5614
19.61055
0.8672925
-74.11612
0.07742275
72.47956
359.5614
19.76044
0.8673211
-74.0537
0.09567483
72.16133
359.346
19.9063
0.867319
-73.98653
0.1195701
71.71383
359.1434
20.04714
0.8673238
-73.91457
0.152042
71.13563
358.9697
20.04714
0.8673238
-73.91457
0.152042
71.13563
358.9697
20.18556
0.8712315
-73.84355
0.0672428
70.4549
358.5573
20.32434
0.8765759
-73.77674
359.8516
69.77369
358.3024
20.4638
0.8807746
-73.7115
359.6228
69.13759
358.2452
20.53341
0.8824847
-73.6786
359.514
68.8196
358.2208
20.60325
0.8839588
-73.64567
359.4085
68.51276
358.2175
20.74312
0.8849379
-73.57901
359.2589
67.92477
358.3939
20.88369
0.880923
-73.51009
359.2805
67.44313
359.0598
20.88369
0.880923
-73.51009
359.2805
67.44313
359.0598
21.02586
0.8791349
-73.44356
359.3643
67.08389
359.4207
21.16952
0.8811847
-73.38323
359.3364
66.79542
359.3373
21.31344
0.8824451
-73.32392
359.2981
66.55904
359.2401
21.31344
0.8824451
-73.32392
359.2981
66.55904
359.2401
21.45952
0.8885438
-73.26952
359.3356
66.204
358.782
21.60745
0.895565
-73.21884
359.4525
65.76517
358.2404
21.7546
0.8998299
-73.167
359.5498
65.37786
357.8181
21.7546
0.8998299
-73.167
359.5498
65.37786
357.8181
21.90014
0.8991964
-73.11047
359.7178
65.01135
357.7358
22.04254
0.8944144
-73.04671
0.03052721
64.61301
357.9095
22.11241
0.8919551
-73.01263
0.231439
64.38715
357.9752
22.24965
0.888819
-72.94202
0.6347535
63.84269
357.8884
22.38276
0.8871379
-72.86797
0.9999256
63.18343
357.6463
22.44704
0.8863353
-72.82898
1.149444
62.82637
357.502
22.50932
0.8855209
-72.7888
1.277588
62.46798
357.3786
22.62838
0.8838497
-72.7042
1.462791
61.69686
357.1503
22.74134
0.8841527
-72.61724
1.639418
60.77439
356.9237
22.79506
0.8846912
-72.57219
1.719589
60.2906
356.7859
22.8462
0.8847681
-72.52614
1.771082
59.80413
356.6999
22.94248
0.8841789
-72.43099
1.802585
58.79079
356.6281
23.03367
0.8833396
-72.33364
1.762872
57.75891
356.7473
23.07888
0.8828602
-72.28464
1.714988
57.23686
356.882
23.12376
0.8824634
-72.23569
1.658944
56.72228
357.0472
23.21461
0.8818864
-72.13874
1.521943
55.72132
357.4712
23.30707
0.8817775
-72.04348
1.379431
54.77686
357.9132
23.30707
0.8817775
-72.04348
1.379431
54.77686
357.9132
23.40195
0.8819711
-71.95023
1.240916
53.90573
358.3235
23.49938
0.8823774
-71.85934
1.118006
53.13503
358.6766
23.59942
0.8828582
-71.77095
1.014827
52.48791
358.9661
23.59942
0.8828582
-71.77095
1.014827
52.48791
358.9661
23.70197
0.8833558
-71.68536
0.9357069
51.9838
359.1989
23.80615
0.8838212
-71.60175
0.8813702
51.60098
359.3218
23.9114
0.8841344
-71.51914
0.8444141
51.3063
359.3405
23.9114
0.8841344
-71.51914
0.8444141
51.3063
359.3405
24.06849
0.8842517
-71.39407
0.8144786
50.92474
359.1424
24.1198
0.8842757
-71.35172
0.815195
50.79647
359.0269
24.17057
0.8842417
-71.30878
0.8171226
50.66185
358.9048
24.26907
0.8840895
-71.22066
0.8304123
50.34348
358.6097
24.36323
0.8838226
-71.12939
0.8512495
49.94942
358.3131
24.40841
0.8836577
-71.08249
0.8639638
49.71609
358.164
24.45216
0.8835111
-71.03496
0.8803137
49.46691
358.0356
24.53588
0.8855956
-70.9381
1.00944
48.9082
357.6757
24.61365
0.8876526
-70.83924
1.160581
48.26245
357.3194
24.61365
0.8876526
-70.83924
1.160581
48.26245
357.3194
24.68002
0.8848594
-70.73737
1.148034
47.59283
357.2494
24.73668
0.879405
-70.63364
1.01577
46.86986
357.4737
24.78711
0.8708492
-70.53036
0.714165
45.9834
358.1272
24.81217
0.8688318
-70.47952
0.6293214
45.50005
358.3899
24.86153
0.8668035
-70.37848
0.5112122
44.50278
358.8193
24.88566
0.8663189
-70.32821
0.4648792
43.99801
358.9936
24.90939
0.8660781
-70.27821
0.4254633
43.49543
359.1489
24.95577
0.8660221
-70.17876
0.3591443
42.49092
359.3957
25.00076
0.8662459
-70.08007
0.3044782
41.4898
359.5709
25.00076
0.8662459
-70.08007
0.3044782
41.4898
359.5709
25.04434
0.8665633
-69.98208
0.2592506
40.49434
359.6888
25.08651
0.8668562
-69.88461
0.2209581
39.50208
359.7608
25.12703
0.8671293
-69.78773
0.1926239
38.52024
359.8026
25.12703
0.8671293
-69.78773
0.1926239
38.52024
359.8026
25.18456
0.8674037
-69.64333
0.1639629
37.06292
359.824
25.20284
0.8674599
-69.59542
0.157665
36.58136
359.8244
25.22066
0.8675022
-69.54764
0.1529286
36.10232
359.8229
25.25488
0.867546
-69.45241
0.1472571
35.15122
359.8164
25.28723
0.8675511
-69.35768
0.1459004
34.21064
359.8104
25.28723
0.8675511
-69.35768
0.1459004
34.21064
359.8104
25.31768
0.8675457
-69.26359
0.1490522
33.28413
359.8073
25.34633
0.867469
-69.16991
0.1508815
32.3616
359.7974
25.37305
0.8674095
-69.07687
0.1552293
31.452
359.7921
25.38574
0.8673732
-69.03056
0.1571446
31.00017
359.7896
25.40976
0.8673184
-68.93845
0.1617543
30.1061
359.7902
25.4211
0.867307
-68.89271
0.164786
29.66504
359.7934
25.43203
0.8672892
-68.84714
0.1672874
29.22642
359.7964
25.45266
0.8672465
-68.75655
0.1709423
28.35641
359.8018
25.47167
0.8672061
-68.6667
0.1730922
27.49598
359.8068
25.47167
0.8672061
-68.6667
0.1730922
27.49598
359.8068
25.49726
0.8671631
-68.53339
0.1740808
26.22323
359.8138
25.50507
0.867116
-68.4891
0.170914
25.80779
359.8147
25.51255
0.8670588
-68.4449
0.1664088
25.39484
359.8134
25.52649
0.8669968
-68.35664
0.1568576
24.57225
359.8088
25.53911
0.8669798
-68.26855
0.1466464
23.74969
359.8015
25.54495
0.8670259
-68.22474
0.1442987
23.33531
359.8021
25.55045
0.867046
-68.18079
0.1398693
22.92198
359.799
25.56048
0.8670939
-68.09284
0.1306183
22.09248
359.7916
25.565
0.8670948
-68.04865
0.1239937
21.68017
359.7863
25.57322
0.8670467
-67.95945
0.1052147
20.84177
359.7654
25.58019
0.8670537
-67.86945
0.08757823
19.99786
359.7487
25.58019
0.8670537
-67.86945
0.08757823
19.99786
359.7487
25.58583
0.8670969
-67.77871
0.07277269
19.15021
359.7346
25.59021
0.8671837
-67.68752
0.06354526
18.29496
359.7297
25.59184
0.8672442
-67.64187
0.06190667
17.86917
359.73
25.59416
0.8673571
-67.55063
0.06306668
17.01621
359.7378
25.59523
0.8674184
-67.45953
0.06733871
16.16273
359.7479
25.59523
0.8674184
-67.45953
0.06733871
16.16273
359.7479
25.59501
0.8674461
-67.3688
0.07504777
15.31211
359.7589
25.59346
0.8674279
-67.27851
0.08389617
14.4705
359.7694
25.59216
0.8673826
-67.23348
0.08708141
14.05513
359.7722
25.58865
0.8673233
-67.14415
0.0969227
13.21577
359.7745
25.58357
0.8672801
-67.05579
0.1092757
12.39689
359.7799
25.58357
0.8672801
-67.05579
0.1092757
12.39689
359.7799
25.57731
0.8673315
-66.96912
0.1292814
11.58491
359.8001
25.56989
0.8673081
-66.88362
0.1449874
10.78338
359.8168
25.56576
0.8672794
-66.84132
0.1511498
10.38631
359.8238
25.5567
0.8672121
-66.75758
0.1605618
9.599312
359.8356
25.54662
0.8671501
-66.67502
0.1666196
8.821629
359.8451
25.54662
0.8671501
-66.67502
0.1666196
8.821629
359.8451
25.53555
0.8671042
-66.59364
0.1699189
8.053134
359.8528
25.52355
0.8670776
-66.51344
0.1709886
7.293716
359.8594
25.5172
0.8670709
-66.47378
0.170849
6.917387
359.8623
25.50386
0.8670692
-66.39534
0.1695241
6.171456
359.8677
25.48968
0.867079
-66.31808
0.1671861
5.434466
359.8727
25.48968
0.867079
-66.31808
0.1671861
5.434466
359.8727
25.47469
0.8670968
-66.24198
0.1642367
4.706396
359.8773
25.45893
0.8671182
-66.16705
0.1610046
3.987237
359.8817
25.45078
0.8671297
-66.13002
0.1593717
3.631
359.8839
25.43394
0.8671522
-66.05683
0.1561832
2.925203
359.8881
25.41643
0.8671724
-65.98479
0.1532204
2.228309
359.8922
25.41643
0.8671724
-65.98479
0.1532204
2.228309
359.8922
25.39827
0.8671893
-65.91391
0.1505725
1.540309
359.8964
25.3795
0.8672029
-65.84418
0.1482827
0.8611925
359.9004
25.3699
0.8672081
-65.80975
0.1472747
0.5249597
359.9024
25.35029
0.8672162
-65.74172
0.1455054
359.8591
359.9064
25.33016
0.8672209
-65.67484
0.1440404
359.2021
359.9103
25.33016
0.8672209
-65.67484
0.1440404
359.2021
359.9103
25.30953
0.8672233
-65.60909
0.1428293
358.5539
359.9141
25.28844
0.8672234
-65.54448
0.1418186
357.9144
359.9178
25.27773
0.8672229
-65.51259
0.1413668
357.598
359.9197
25.25601
0.8672214
-65.44965
0.1405517
356.9715
359.9233
25.2339
0.8672192
-65.38782
0.1398086
356.3537
359.9269
25.2339
0.8672192
-65.38782
0.1398086
356.3537
359.9269
25.21144
0.8672168
-65.32709
0.1390978
355.7445
359.9304
25.18865
0.8672142
-65.26745
0.1383868
355.1438
359.9338
25.17714
0.8672132
-65.23804
0.1380302
354.8466
359.9355
25.1539
0.8672113
-65.18003
0.1372983
354.2585
359.9388
25.13041
0.8672101
-65.1231
0.1365395
353.6789
359.942
25.13041
0.8672101
-65.1231
0.1365395
353.6789
359.942
25.10669
0.867209
-65.06723
0.1357417
353.1076
359.9453
25.08234
0.8670825
-65.01151
0.1242383
352.5385
359.9297
25.07001
0.8670722
-64.98405
0.1210506
352.2597
359.9267
25.04499
0.8670773
-64.9296
0.1150995
351.7081
359.9218
25.01979
0.8671288
-64.87588
0.1116986
351.1534
359.9233
25.00678
0.8670887
-64.84885
0.1048633
350.8793
359.9153
24.98054
0.8670477
-64.79495
0.09224185
350.3168
359.9014
24.96707
0.8670464
-64.76811
0.08671569
350.0468
359.8972
24.9536
0.8670704
-64.74121
0.08195537
349.7595
359.8925
24.92571
0.8670388
-64.68686
0.06597278
349.1898
359.8734
24.89659
0.8670148
-64.63182
0.04775817
348.6195
359.8515
24.89659
0.8670148
-64.63182
0.04775817
348.6195
359.8515
24.8529
0.8670244
-64.54631
0.01581357
347.7786
359.9062
24.8386
0.8670054
-64.51653
0.001526244
347.4996
359.944
24.82451
0.8670597
-64.48651
359.9921
347.2315
359.9844
24.79723
0.8670653
-64.42374
359.9643
346.7194
0.08332325
24.78384
0.8671396
-64.3917
359.9556
346.4739
0.118954
24.75771
0.8672505
-64.32544
359.9373
346.0167
0.1901383
24.7323
0.8671951
-64.25554
359.9099
345.6222
0.257735
24.72028
0.8671893
-64.21939
359.8984
345.4411
0.2991472
24.70852
0.8672148
-64.18261
359.89
345.2768
0.330717
24.68636
0.8673187
-64.10708
359.881
345.0214
0.4067679
24.66542
0.8674384
-64.02919
359.8802
344.8312
0.4430204
24.65495
0.8673977
-63.98903
359.8753
344.7607
0.4402429
24.6341
0.8674606
-63.90785
359.8794
344.6535
0.4023768
24.6235
0.8674524
-63.86638
359.8803
344.6149
0.3723713
24.61284
0.8674297
-63.82436
359.8811
344.5774
0.3381819
24.59092
0.8673295
-63.73837
359.8789
344.5186
0.2643066
24.56854
0.8673636
-63.6509
359.887
344.466
0.1923581
24.55698
0.8673422
-63.60631
359.8888
344.4459
0.1593035
24.53324
0.8673249
-63.51576
359.8941
344.4135
0.10172
24.53324
0.8673249
-63.51576
359.8941
344.4135
0.10172
24.50749
0.8673224
-63.42389
359.9013
344.3521
-0.003441092
24.47836
0.8673386
-63.33145
359.9116
344.2339
359.8375
24.46272
0.867327
-63.28489
359.916
344.1547
359.7708
24.42834
0.8673031
-63.1918
359.9267
343.9347
359.613
24.39005
0.8673214
-63.09935
359.944
343.6247
359.462
24.39005
0.8673214
-63.09935
359.944
343.6247
359.462
24.34746
0.8673348
-63.00817
359.9665
343.2126
359.3165
24.3007
0.8673273
-62.91883
359.9933
342.6891
359.1911
24.27586
0.867272
-62.87461
0.004210799
342.3911
359.1484
24.22313
0.8672221
-62.7882
0.03231354
341.7336
359.0753
24.16816
0.8671031
-62.70245
0.05108027
341.0109
359.115
24.16816
0.8671031
-62.70245
0.05108027
341.0109
359.115
24.08469
0.8668784
-62.57049
0.04752045
339.9189
359.375
24.05694
0.8668039
-62.52522
0.03894588
339.5667
359.491
24.02941
0.8667561
-62.4793
0.02914097
339.2195
359.6046
23.97537
0.8667221
-62.38481
0.004488435
338.563
359.8447
23.92306
0.8667325
-62.28658
359.9755
337.9688
0.07687666
23.89718
0.8667533
-62.23624
359.9607
337.697
0.161145
23.84704
0.8668774
-62.13318
359.9376
337.2173
0.3278772
23.84704
0.8668774
-62.13318
359.9376
337.2173
0.3278772
23.79893
0.8669994
-62.02672
359.9184
336.8477
0.4773239
23.75216
0.8672021
-61.91784
359.9106
336.5566
0.5435368
23.72886
0.8672823
-61.86257
359.9082
336.4386
0.5454068
23.68202
0.8673737
-61.75031
359.9031
336.2394
0.5035598
23.63447
0.8674003
-61.63596
359.8983
336.0823
0.4244887
23.63447
0.8674003
-61.63596
359.8983
336.0823
0.4244887
23.56106
0.8673643
-61.46072
359.8915
335.9093
0.2844254
23.53603
0.86738
-61.40154
359.8923
335.8652
0.2395048
23.51056
0.867341
-61.34165
359.8896
335.8256
0.1973401
23.45876
0.8673173
-61.22082
359.8893
335.7581
0.1235624
23.40567
0.8673048
-61.0983
359.8909
335.7041
0.06537083
23.3787
0.8673247
-61.03653
359.894
335.681
0.04210056
23.32368
0.867303
-60.91141
359.8962
335.6414
0.006226566
23.29565
0.8672612
-60.84805
359.8951
335.6243
359.9931
23.26745
0.8672819
-60.78454
359.8985
335.6091
359.9827
23.21013
0.8672795
-60.65609
359.9027
335.5826
359.969
23.18103
0.8672464
-60.59116
359.9029
335.5711
359.9651
23.12234
0.8672581
-60.46063
359.9102
335.5513
359.9615
23.06295
0.8672779
-60.32904
359.9203
335.5349
359.9621
23.03309
0.8673145
-60.26303
359.9283
335.5277
359.9634
22.97287
0.867321
-60.13012
359.9411
335.5152
359.9674
22.94253
0.8672925
-60.06328
359.946
335.5098
359.9697
22.91226
0.8673264
-59.99663
359.956
335.5048
359.9721
22.85144
0.8673329
-59.86284
359.9731
335.496
359.977
22.79054
0.8673331
-59.72902
359.9919
335.4886
359.9816
22.75998
0.8672755
-59.6619
-0.002238601
335.4854
359.9837
22.69905
0.8672522
-59.52813
0.01554255
335.4798
359.9875
22.66864
0.8672636
-59.46142
0.02578731
335.4773
359.9891
22.63813
0.8672163
-59.39447
0.03135072
335.4749
359.9905
22.57719
0.8671516
-59.26081
0.04279246
335.4713
359.993
22.51632
0.8671194
-59.12734
0.05314519
335.4678
-0.005116799
22.48591
0.8671175
-59.06069
0.05809584
335.4664
-0.004352299
22.425
0.8670694
-58.92717
0.06202592
335.4638
-0.003134029
22.39448
0.8670259
-58.86028
0.06111759
335.4626
-0.002661032
22.36413
0.8670614
-58.79376
0.06524044
335.4615
-0.002260721
22.30332
0.8670793
-58.6605
0.0679685
335.4597
-0.001651764
22.24253
0.8670895
-58.52732
0.06863728
335.4582
-0.00123677
22.24253
0.8670895
-58.52732
0.06863728
335.4582
-0.00123677
22.15127
0.8670642
-58.32739
0.06392576
335.4565
-0.0008531529
22.12048
0.8671166
-58.26129
0.06642492
335.4449
359.9682
22.08913
0.8671147
-58.19522
0.06518944
335.4247
359.9281
22.02399
0.8671663
-58.0651
0.06928729
335.3179
359.7689
21.95508
0.8672521
-57.93835
0.08188891
335.1105
359.5575
21.91949
0.8672947
-57.87621
0.09051753
334.9711
359.4718
21.88281
0.8672668
-57.81476
0.09588835
334.799
359.3768
21.80853
0.8672315
-57.69341
0.1077979
334.4166
359.3152
21.771
0.8672028
-57.63318
0.1116581
334.2018
359.3194
21.69644
0.867076
-57.512
0.1082239
333.7748
359.4456
21.62391
0.8669964
-57.38958
0.09997449
333.3898
359.6785
21.58845
0.8669955
-57.32805
0.09670448
333.2059
359.7901
21.55379
0.8670368
-57.26629
0.09574068
333.0452
359.9152
21.4862
0.8670762
-57.14182
0.09063064
332.769
0.1242668
21.453
0.8670748
-57.07921
0.08655214
332.6501
0.1978551
21.38905
0.8671154
-56.95322
0.08248374
332.4863
0.3586372
21.32902
0.8671273
-56.82579
0.08004743
332.446
0.5389957
21.32902
0.8671273
-56.82579
0.08004743
332.446
0.5389957
21.24842
0.867259
-56.63321
0.09653134
332.6336
0.786169
21.22381
0.8672445
-56.56859
0.1014797
332.7633
0.8524479
21.20042
0.8672791
-56.50419
0.1113494
332.9209
0.8969232
21.15778
0.8672777
-56.37509
0.1316565
333.3444
0.9952623
21.12132
0.8673116
-56.24668
0.1625596
333.8957
1.078081
21.12132
0.8673116
-56.24668
0.1625596
333.8957
1.078081
21.09124
0.8673321
-56.11958
0.2010622
334.5726
1.139543
21.06722
0.8672924
-55.9942
0.2410054
335.3592
1.161714
21.05716
0.8672199
-55.93203
0.2573594
335.7878
1.157037
21.04043
0.8670702
-55.80913
0.2857697
336.6892
1.101865
21.02724
0.8669085
-55.68778
0.3031639
337.6396
1.00029
21.02178
0.8668381
-55.62767
0.308091
338.1287
0.9421861
21.01691
0.8667381
-55.56774
0.3076931
338.6268
0.8829988
21.0089
0.8666985
-55.44941
0.3084016
339.6382
0.75232
21.00294
0.8667088
-55.33257
0.3029962
340.656
0.6255385
21.00064
0.8666934
-55.27454
0.2960467
341.1719
0.5744905
20.99741
0.8667228
-55.15956
0.2813901
342.2017
0.4822088
20.99645
0.8667698
-55.10266
0.2745748
342.7131
0.4385831
20.99588
0.8668081
-55.04599
0.2663842
343.2271
0.4034371
20.99597
0.8668649
-54.9335
0.2478019
344.2571
0.3511967
20.99588
0.8668745
-54.82156
0.2210786
345.2648
0.2486957
20.99588
0.8668745
-54.82156
0.2210786
345.2648
0.2486957
20.99241
0.8668139
-54.65308
0.1622902
346.6876
0.03168524
20.99017
0.8668636
-54.59702
0.1452282
347.1389
359.9511
20.98741
0.8669288
-54.54092
0.1290961
347.576
359.8795
20.9798
0.8670402
-54.42854
0.0972601
348.394
359.7383
20.96929
0.8671459
-54.31599
0.06919812
349.1247
359.608
20.96929
0.8671459
-54.31599
0.06919812
349.1247
359.608
20.94821
0.8673013
-54.14714
0.03906341
350.0286
359.4619
20.93992
0.8673462
-54.09093
0.03262882
350.2767
359.4242
20.93109
0.8673865
-54.03476
0.02783202
350.4981
359.4
20.91184
0.8674473
-53.92263
0.02296766
350.8598
359.3733
20.89154
0.8674746
-53.81065
0.02252444
351.1371
359.408
20.89154
0.8674746
-53.81065
0.02252444
351.1371
359.408
20.87095
0.8674714
-53.6987
0.02482702
351.3521
359.4889
20.85049
0.8674461
-53.58672
0.02883325
351.5204
359.592
20.8404
0.8674279
-53.53072
0.03121803
351.5907
359.6457
20.8206
0.8673843
-53.41867
0.03634142
351.7091
359.7485
20.8014
0.8673373
-53.30657
0.04151054
351.8035
359.8382
20.8014
0.8673373
-53.30657
0.04151054
351.8035
359.8382
20.77373
0.8672712
-53.13833
0.0485373
351.9113
359.9399
20.76534
0.867257
-53.08221
0.05104946
351.9511
-0.005622501
20.7575
0.8672421
-53.02606
0.05346445
351.9973
0.05094592
20.74492
0.8672222
-52.9138
0.06014942
352.1354
0.2189893
20.73694
0.8672002
-52.80191
0.06997612
352.3593
0.4199587
20.7344
0.8672315
-52.7464
0.07876395
352.4938
0.4931503
20.73247
0.8672062
-52.63583
0.09350231
352.8401
0.6322924
20.73327
0.8672292
-52.58121
0.1048543
353.0464
0.698847
20.73515
0.8672078
-52.52682
0.1142595
353.2795
0.7542584
20.74274
0.8672318
-52.4201
0.1424732
353.8133
0.8552537
20.7554
0.8672627
-52.31642
0.1780572
354.4397
0.9345492
20.7554
0.8672627
-52.31642
0.1780572
354.4397
0.9345492
20.78219
0.867174
-52.16653
0.2275269
355.5211
0.9539532
20.79271
0.8671013
-52.11779
0.2391669
355.9106
0.933975
20.80381
0.8670397
-52.06971
0.2495393
356.3064
0.8969979
20.82745
0.8669183
-51.9751
0.2628399
357.1163
0.795778
20.8526
0.8667825
-51.88213
0.264064
357.9365
0.6786906
20.8526
0.8667825
-51.88213
0.264064
357.9365
0.6786906
20.89178
0.8668094
-51.74652
0.2630848
359.1849
0.4852298
20.90516
0.8668197
-51.70211
0.259333
359.6006
0.4278263
20.91924
0.8646775
-51.65765
0.2972223
359.9878
0.1159401
20.94649
0.8616042
-51.56946
0.4059456
0.7058238
359.6609
20.97152
0.8602649
-51.48299
0.4923137
1.344027
359.406
20.97152
0.8602649
-51.48299
0.4923137
1.344027
359.406
21.00626
0.8592693
-51.3563
0.5721427
2.161617
359.2013
21.01746
0.8589393
-51.31429
0.5815879
2.396538
359.1634
21.02832
0.8587419
-51.27262
0.5900921
2.621312
359.133
21.04987
0.8582346
-51.18961
0.6011708
3.034363
359.0818
21.0725
0.8558422
-51.10714
0.6528116
3.433544
358.8878
21.08009
0.8579043
-51.06614
0.845286
3.802594
358.9321
21.09294
0.8626872
-50.98582
1.14897
4.581305
359.2416
21.09788
0.865384
-50.94615
1.267536
4.980004
359.433
21.10221
0.8681679
-50.90659
1.364855
5.379451
359.6462
21.10917
0.8737249
-50.82754
1.502871
6.148469
0.06527638
21.1147
0.8788338
-50.74871
1.578035
6.852734
0.4365056
21.1147
0.8788338
-50.74871
1.578035
6.852734
0.4365056
21.12351
0.8844806
-50.63092
1.581047
7.679768
0.846437
21.12692
0.8857046
-50.59179
1.556118
7.88677
0.9312652
21.13051
0.8867217
-50.55284
1.525831
8.065537
1.001731
21.13813
0.8881946
-50.47498
1.452312
8.329844
1.095794
21.14798
0.8865495
-50.39842
1.279927
8.499864
1.047064
21.14798
0.8865495
-50.39842
1.279927
8.499864
1.047064
21.16449
0.8845227
-50.28363
1.048374
8.653776
0.9939801
21.16991
0.8842822
-50.24516
0.9944985
8.689709
1.003756
21.17529
0.884131
-50.20661
0.9488195
8.720413
1.022091
21.18597
0.8839973
-50.12932
0.8792163
8.769619
1.073238
21.19666
0.8839679
-50.05185
0.8340446
8.806712
1.13108
21.20206
0.8839612
-50.01306
0.8189727
8.821866
1.159446
21.21296
0.8839316
-49.93542
0.8008941
8.847051
1.21152
21.21848
0.8839031
-49.89658
0.7968119
8.857588
1.234436
21.22406
0.883864
-49.85773
0.7953754
8.867027
1.255002
21.23536
0.8837564
-49.78002
0.7986718
8.883251
1.288939
21.24685
0.8836188
-49.70233
0.8076251
8.896767
1.313765
21.25266
0.8835431
-49.6635
0.8133983
8.902753
1.323118
21.26555
0.8833823
-49.58619
0.8274499
8.939744
1.39132
21.27292
0.8833082
-49.54788
0.836298
8.978442
1.452918
21.28083
0.8832233
-49.50976
0.8449965
9.031308
1.511799
21.29903
0.8831688
-49.43528
0.873673
9.179665
1.651489
21.30888
0.8831221
-49.39856
0.8873391
9.275064
1.699981
21.33049
0.8829912
-49.32636
0.9126091
9.520531
1.793936
21.35483
0.8828664
-49.25634
0.9385199
9.837122
1.882873
21.36813
0.8827975
-49.2223
0.9514242
10.02599
1.932937
21.3821
0.8826864
-49.18873
0.9610973
10.23699
1.974591
21.41218
0.882671
-49.12489
0.9954286
10.68957
2.038241
21.44422
0.8826054
-49.0641
1.025425
11.19461
2.050553
21.46062
0.882547
-49.03453
1.036142
11.46297
2.032938
21.49374
0.8824363
-48.97677
1.050035
12.02099
1.962797
21.51038
0.8823928
-48.94849
1.053521
12.30785
1.917194
21.52701
0.8823581
-48.92055
1.05481
12.59853
1.868207
21.5602
0.8823292
-48.86566
1.052514
13.18634
1.769257
21.57674
0.882333
-48.83867
1.049353
13.48196
1.72242
21.60964
0.8823711
-48.78556
1.040099
14.07374
1.638571
21.64231
0.8824393
-48.73352
1.028316
14.66346
1.570349
21.64231
0.8824393
-48.73352
1.028316
14.66346
1.570349
21.69136
0.8825055
-48.65686
1.002638
15.54787
1.512538
21.70771
0.8825402
-48.63166
0.9939018
15.84437
1.500543
21.72409
0.882584
-48.6066
0.9854525
16.1421
1.49145
21.76317
0.8712549
-48.56307
0.5356939
16.72888
0.8604626
21.78235
0.8682934
-48.54065
0.3922017
17.02886
0.6290958
21.8012
0.8664718
-48.51773
0.2836371
17.337
0.441058
21.854
0.8721497
-48.44301
0.3487028
18.25293
0.463268
21.86956
0.8771323
-48.41567
0.5017315
18.55547
0.6909009
21.88551
0.880501
-48.38843
0.6101878
18.85984
0.8810418
21.91875
0.8873394
-48.3333
0.864511
19.41105
1.392954
21.95367
0.8899651
-48.27905
1.00166
19.9913
1.734566
21.97196
0.8904591
-48.25213
1.046142
20.28806
1.866086
22.01017
0.8902433
-48.19896
1.095458
20.89271
2.042029
22.03001
0.889442
-48.17296
1.095317
21.20196
2.066163
22.07221
0.8856183
-48.12214
0.9995542
21.84019
1.970428
22.09434
0.8832707
-48.0972
0.9258828
22.157
1.861659
22.11695
0.8807656
-48.0723
0.8378638
22.49319
1.729057
22.16393
0.8755368
-48.0229
0.6312014
23.16666
1.38841
22.21419
0.8670479
-47.9764
0.2721356
23.85438
0.7664905
22.21419
0.8670479
-47.9764
0.2721356
23.85438
0.7664905
22.28905
0.8636525
-47.90177
0.02481669
24.9084
0.2318266
22.31404
0.8636365
-47.87576
359.9812
25.26607
0.1336067
22.3389
0.8639261
-47.84962
359.9536
25.62138
0.05751508
22.38846
0.8647299
-47.7948
359.9103
26.31462
359.9239
22.43718
0.8655885
-47.73668
359.8809
26.97021
359.8007
22.4615
0.8659678
-47.70656
359.8697
27.29108
359.7672
22.50999
0.8665377
-47.64342
359.8472
27.89172
359.6992
22.50999
0.8665377
-47.64342
359.8472
27.89172
359.6992
22.55765
0.8670415
-47.57716
359.8379
28.44901
359.6384
22.60485
0.8672947
-47.5072
359.8286
28.93842
359.5828
22.65097
0.8675213
-47.4342
359.8315
29.3429
359.5239
22.67393
0.8675893
-47.39662
359.8346
29.52603
359.5164
22.7193
0.8676103
-47.31899
359.8405
29.81783
359.487
22.74201
0.8675745
-47.27903
359.8425
29.92875
359.4831
22.76471
0.8675185
-47.23842
359.8446
30.02779
359.4907
22.81043
0.8675127
-47.1559
359.8573
30.18427
359.5381
22.83365
0.8674965
-47.11392
359.8636
30.24394
359.5735
22.88055
0.8674988
-47.02891
359.8805
30.35006
359.6563
22.9287
0.8674511
-46.94229
359.8943
30.42802
359.7423
22.9287
0.8674511
-46.94229
359.8943
30.42802
359.7423
22.97948
0.8673503
-46.85471
359.9027
30.51693
359.8839
23.03379
0.8672946
-46.76751
359.9134
30.66446
0.08247357
23.06222
0.8672359
-46.72383
359.9162
30.75986
0.1693328
23.12218
0.8671992
-46.63747
359.9269
31.01133
0.3609715
23.18609
0.8672278
-46.55292
359.9443
31.34641
0.5377772
23.18609
0.8672278
-46.55292
359.9443
31.34641
0.5377772
23.25398
0.8672685
-46.47086
359.9677
31.78388
0.6997494
23.32583
0.8672769
-46.39201
-0.00472413
32.32753
0.842895
23.36315
0.8672163
-46.35345
0.005850484
32.63604
0.892414
23.44008
0.8672056
-46.27935
0.0366746
33.32062
0.9683132
23.51997
0.8671623
-46.20872
0.06751121
34.09483
1.006727
23.51997
0.8671623
-46.20872
0.06751121
34.09483
1.006727
23.60225
0.8671004
-46.14102
0.09502236
34.93077
0.9888348
23.68644
0.8670148
-46.07529
0.1142546
35.81864
0.9220853
23.72916
0.866961
-46.04298
0.1200957
36.27805
0.8776874
23.81585
0.8668848
-45.97934
0.1265229
37.21475
0.779595
23.90418
0.8668151
-45.91666
0.1242325
38.176
0.6851576
23.90418
0.8668151
-45.91666
0.1242325
38.176
0.6851576
23.99406
0.8667912
-45.85488
0.1171097
39.15213
0.5995616
24.08563
0.8667916
-45.79386
0.1053992
40.14386
0.532976
24.17858
0.8668606
-45.73375
0.09494927
41.15212
0.4790321
24.22564
0.8669115
-45.70409
0.09034985
41.6569
0.4565833
24.32089
0.8670098
-45.64544
0.08116305
42.68172
0.4237714
24.36912
0.8670388
-45.61642
0.07580347
43.20146
0.4135128
24.41772
0.8670791
-45.58775
0.07171674
43.72092
0.4049616
24.51624
0.8671331
-45.53115
0.06299771
44.77153
0.3986751
24.61647
0.867189
-45.47581
0.05661274
45.82964
0.398466
24.61647
0.867189
-45.47581
0.05661274
45.82964
0.398466
24.77006
0.8672297
-45.39518
0.04905607
47.43953
0.4077296
24.82201
0.8672642
-45.36911
0.04935977
47.97744
0.4096605
24.87451
0.8672585
-45.34328
0.0475417
48.52237
0.4153966
24.98072
0.8672607
-45.29288
0.04637575
49.61591
0.4260485
25.08863
0.8672637
-45.24413
0.0470481
50.71641
0.4362509
25.08863
0.8672637
-45.24413
0.0470481
50.71641
0.4362509
25.19827
0.8672518
-45.19705
0.04797434
51.82637
0.4470488
25.3096
0.8672397
-45.15177
0.04978095
52.94377
0.4570221
25.42259
0.867223
-45.10832
0.05182358
54.06918
0.4665366
25.47964
0.8672311
-45.08736
0.05407752
54.63267
0.4692746
25.59507
0.8672165
-45.04683
0.05655864
55.76959
0.4773571
25.65344
0.8671938
-45.02726
0.05671522
56.34306
0.4827454
25.71208
0.8672026
-45.0083
0.05903317
56.91419
0.4847792
25.83064
0.8671898
-44.97185
0.06137045
58.06645
0.4917269
25.95072
0.8671783
-44.93754
0.06349169
59.22631
0.4983896
25.95072
0.8671783
-44.93754
0.06349169
59.22631
0.4983896
26.1346
0.8669906
-44.88641
0.04364814
60.94191
0.4165605
26.19672
0.8669485
-44.86889
0.03413413
61.49839
0.355993
26.25949
0.8668948
-44.85092
0.02126772
62.04758
0.2961091
26.38581
0.86689
-44.81261
-0.003375061
63.10051
0.1221614
26.51342
0.8669305
-44.77102
359.9717
64.07737
359.9345
26.51342
0.8669305
-44.77102
359.9717
64.07737
359.9345
26.70566
0.8671617
-44.70237
359.9513
65.37577
359.6798
26.77019
0.8671972
-44.67806
359.9449
65.75645
359.6155
26.89913
0.8672419
-44.62647
359.9364
66.4028
359.468
26.96358
0.8672758
-44.5997
359.9358
66.68073
359.4224
27.09186
0.8674122
-44.54439
359.946
67.15169
359.36
27.1558
0.8674801
-44.51621
359.9547
67.3516
359.3577
27.2197
0.8675209
-44.48786
359.9639
67.52937
359.3734
27.3475
0.8675395
-44.431
359.9828
67.82952
359.446
27.47569
0.8674417
-44.37428
-0.002986394
68.0649
359.5507
27.53981
0.8673993
-44.34604
0.004568222
68.17001
359.6073
27.66817
0.8673331
-44.29016
0.02022601
68.3417
359.7191
27.73246
0.867298
-44.26255
0.02732455
68.41084
359.7712
27.7967
0.8672752
-44.23507
0.034748
68.48051
359.8194
27.92555
0.8672003
-44.18068
0.04529257
68.59676
359.9022
28.05495
0.8671801
-44.12878
0.05686347
68.72675
0.0413238
28.11989
0.8671722
-44.10381
0.06210398
68.79626
0.106892
28.25041
0.8671516
-44.0573
0.07299078
68.98862
0.2941214
28.25041
0.8671516
-44.0573
0.07299078
68.98862
0.2941214
28.44729
0.8671525
-43.99717
0.09494291
69.44307
0.5955592
28.51312
0.8671404
-43.97973
0.1025833
69.63849
0.6855991
28.57865
0.8671724
-43.9636
0.1143194
69.85454
0.7557977
28.70964
0.8671694
-43.93592
0.1371016
70.37563
0.9040388
28.83932
0.8672065
-43.91477
0.1690924
71.00301
1.02722
28.83932
0.8672065
-43.91477
0.1690924
71.00301
1.02722
28.96702
0.8672343
-43.90025
0.2078399
71.73933
1.119326
29.09243
0.8671972
-43.89172
0.2463301
72.56967
1.157885
29.15442
0.8671299
-43.88939
0.2617622
73.01498
1.157306
29.27666
0.8669943
-43.88791
0.2878413
73.94122
1.103834
29.39774
0.8667908
-43.88795
0.2931228
74.88456
0.9344246
29.39774
0.8667908
-43.88795
0.2931228
74.88456
0.9344246
29.57907
0.8664839
-43.88549
0.2582152
76.27342
0.5407407
29.63962
0.8664107
-43.88365
0.2386304
76.71323
0.3966615
29.70016
0.866384
-43.88113
0.2182865
77.14689
0.2617884
29.82076
0.8665082
-43.87366
0.1822113
77.96423
-0.005310519
29.94132
0.8666613
-43.86282
0.1450001
78.69832
359.7606
29.94132
0.8666613
-43.86282
0.1450001
78.69832
359.7606
30.12177
0.8669379
-43.84027
0.09711839
79.60596
359.5009
30.18183
0.8670144
-43.8312
0.08325638
79.85533
359.4352
30.24169
0.8671123
-43.8215
0.07290917
80.07387
359.3874
30.36129
0.867259
-43.80043
0.05541598
80.43639
359.3407
30.48074
0.8673645
-43.77821
0.04335903
80.71717
359.3704
30.54055
0.8673797
-43.76686
0.0374971
80.83649
359.407
30.66005
0.8674235
-43.74419
0.03139422
81.03372
359.5056
30.71976
0.8674479
-43.73294
0.03066347
81.11521
359.5614
30.77963
0.8674389
-43.72173
0.02875932
81.19154
359.6182
30.89927
0.8674397
-43.69976
0.02943754
81.31776
359.7275
31.01867
0.8674762
-43.67855
0.03627118
81.41174
359.8234
31.07839
0.8674726
-43.66817
0.03945819
81.4513
359.8646
31.19786
0.8674356
-43.6479
0.04509497
81.51826
359.9325
31.19786
0.8674356
-43.6479
0.04509497
81.51826
359.9325
31.31736
0.8673819
-43.62821
0.04989883
81.5718
359.982
31.43689
0.8673275
-43.60904
0.05390733
81.61482
0.01518273
31.49666
0.8673028
-43.59963
0.05560897
81.63308
0.02662783
31.61621
0.8672607
-43.5811
0.05840457
81.66418
0.04118166
31.73575
0.8672294
-43.5629
0.06041921
81.68935
0.04715487
31.73575
0.8672294
-43.5629
0.06041921
81.68935
0.04715487
31.91504
0.8672018
-43.53608
0.06213183
81.71845
0.04577662
31.97479
0.8671967
-43.52723
0.06240194
81.7263
0.04363186
32.03453
0.8671936
-43.51841
0.06254886
81.73337
0.04099688
32.15399
0.8671918
-43.50089
0.06253076
81.74548
0.0348934
32.27342
0.8671943
-43.48345
0.06220298
81.75533
0.02847498
32.27342
0.8671943
-43.48345
0.06220298
81.75533
0.02847498
32.4525
0.8672025
-43.45742
0.06137695
81.76672
0.01959036
32.51217
0.8672059
-43.44877
0.06105972
81.76979
0.01699825
32.57183
0.8672094
-43.44012
0.0607419
81.77256
0.01462439
32.69112
0.8672162
-43.42286
0.06012185
81.77731
0.01055001
32.81044
0.8672333
-43.40714
0.06091103
81.81216
0.07339481
32.81044
0.8672333
-43.40714
0.06091103
81.81216
0.07339481
32.98937
0.8672279
-43.3893
0.06478727
81.9795
0.267592
33.04885
0.8672319
-43.38506
0.06796133
82.07649
0.3459158
33.10844
0.8671923
-43.38165
0.06881014
82.1991
0.4193436
33.22658
0.8672112
-43.3782
0.0808562
82.5114
0.5677272
33.34293
0.8673047
-43.3795
0.1050353
82.91755
0.7024018
33.40031
0.8673375
-43.382
0.1195712
83.1672
0.7708892
33.45715
0.8673429
-43.38578
0.1343543
83.43456
0.8254362
33.56987
0.8672775
-43.39437
0.1562662
84.01783
0.811394
33.68255
0.8670917
-43.40252
0.1587231
84.61281
0.656016
33.73877
0.8670369
-43.40636
0.1577784
84.91219
0.5656658
33.85136
0.8669319
-43.41241
0.1473924
85.48479
0.3380451
33.90771
0.8668983
-43.41447
0.1397121
85.75278
0.2143771
33.96414
0.8668778
-43.41597
0.1309726
86.00909
0.1020786
34.07718
0.8668573
-43.4164
0.1108131
86.46474
359.8743
34.19006
0.8669195
-43.41346
0.09435727
86.82142
359.6676
34.24652
0.8669485
-43.41105
0.08627358
86.96839
359.5971
34.30281
0.8670096
-43.40829
0.08099119
87.09355
359.5514
34.41553
0.8670909
-43.40189
0.06943032
87.30444
359.5241
34.52824
0.8671657
-43.39486
0.06028206
87.46928
359.5583
34.52824
0.8671657
-43.39486
0.06028206
87.46928
359.5583
34.64097
0.8672223
-43.38763
0.05311551
87.60021
359.6265
34.75359
0.8672825
-43.38053
0.04964489
87.70199
359.7079
34.8661
0.8673319
-43.37374
0.04887217
87.78102
359.7882
34.8661
0.8673319
-43.37374
0.04887217
87.78102
359.7882
34.97844
0.8673742
-43.36738
0.05084804
87.84023
359.8593
35.09074
0.8673722
-43.36142
0.0523331
87.88705
359.9173
35.14689
0.8673629
-43.3586
0.05300967
87.90668
359.9411
35.25915
0.8673376
-43.35324
0.05431234
87.93976
359.9786
35.37139
0.8673102
-43.34824
0.05556243
87.9661
0.004220032
35.4275
0.8672971
-43.34584
0.05615246
87.9772
0.01318859
35.4836
0.8672851
-43.34352
0.05671727
87.98711
0.01998933
35.59577
0.8672646
-43.33906
0.05772152
88.00394
0.02822245
35.70791
0.8672488
-43.33479
0.05853502
88.01741
0.03103627
35.76396
0.8672426
-43.33271
0.05886554
88.02312
0.03099317
35.82001
0.8672374
-43.33067
0.05913973
88.02824
0.03024702
35.93207
0.86723
-43.32665
0.05953888
88.03693
0.02729968
36.04409
0.8672256
-43.32272
0.05975398
88.04391
0.02327522
36.04409
0.8672256
-43.32272
0.05975398
88.04391
0.02327522
36.15608
0.8672237
-43.31885
0.05981805
88.04952
0.018936
36.26802
0.8672236
-43.31501
0.0597663
88.05403
0.01477701
36.37992
0.8672249
-43.3112
0.05963786
88.05765
0.01107855
36.37992
0.8672249
-43.3112
0.05963786
88.05765
0.01107855
36.49178
0.8672267
-43.3074
0.05946041
88.06055
0.007975677
36.6036
0.8672287
-43.30362
0.05926479
88.06286
0.005493633
36.71538
0.8672309
-43.29984
0.05907062
88.06473
0.003594544
36.71538
0.8672309
-43.29984
0.05907062
88.06473
0.003594544
36.82713
0.8672328
-43.29606
0.05889398
88.06622
0.002202594
36.93882
0.8672344
-43.29229
0.05874894
88.06739
0.001229321
37.05048
0.8672358
-43.28852
0.05863216
88.06835
0.0005884404
37.05048
0.8672358
-43.28852
0.05863216
88.06835
0.0005884404
37.16211
0.8672366
-43.28476
0.05854632
88.06911
0.0001935132
37.27369
0.8672373
-43.28099
0.05849202
88.06971
-2.73141E-05
37.38523
0.8672378
-43.27722
0.05846099
88.07021
-0.0001306908
37.38523
0.8672378
-43.27722
0.05846099
88.07021
-0.0001306908
37.49373
0.8674815
-43.27356
0.08607993
88.07059
-0.0001578116
37.59356
0.8678957
-43.27019
0.1640192
88.0709
-0.0001450621
37.64008
0.8680433
-43.26862
0.2127506
88.07104
-0.0001296344
37.72614
0.8681492
-43.26572
0.3180325
88.07126
-9.390322E-05
37.76561
0.8681103
-43.2644
0.3713262
88.07135
-7.31726E-05
37.83726
0.86789
-43.26198
0.4735122
88.0715
-3.223105E-05
37.89908
0.8675526
-43.25989
0.5649834
88.07162
7.204065E-07
37.89908
0.8675526
-43.25989
0.5649834
88.07162
7.204065E-07
37.97314
0.8669977
-43.2574
0.6750982
88.07172
3.295262E-05
37.99283
0.8668292
-43.25674
0.7039637
88.07175
3.876958E-05
38.01001
0.8666795
-43.25616
0.7289232
88.07177
4.210512E-05
38.03685
0.8664841
-43.25525
0.7673568
88.07181
4.648147E-05
38.0537
0.8664473
-43.25468
0.7907867
88.07181
4.44805E-05
38.05828
0.8665067
-43.25453
0.798688
88.07182
4.298634E-05
38.0617
0.8664084
-43.25441
0.787021
88.07182
3.991769E-05
38.06152
0.8666835
-43.25441
0.7710559
88.07092
0.001220473
38.06013
0.8664913
-43.25445
0.6794453
88.07085
0.001568386
38.05925
0.8664798
-43.25448
0.6211637
88.07085
0.001612953
38.05829
0.8665395
-43.25451
0.5585918
88.07085
0.001595806
38.05632
0.8668541
-43.25458
0.4293051
88.07083
0.001424374
38.05442
0.8673553
-43.25465
0.3050144
88.07085
0.001154652
38.05354
0.8676434
-43.25468
0.2475011
88.07085
0.001009143
38.05273
0.8679394
-43.25471
0.1940362
88.07085
0.0008624698
38.0513
0.8685156
-43.25477
0.1009565
88.07086
0.0005927233
38.05018
0.8690194
-43.25481
0.02758351
88.07088
0.0003672361
38.04972
0.8692317
-43.25482
-0.001723578
88.07088
0.0002764035
38.04935
0.8694143
-43.25484
359.9737
88.0709
0.0001980864
38.04879
0.8696873
-43.25486
359.9377
88.07092
7.957108E-05
38.04847
0.8698424
-43.25487
359.917
88.07092
6.593407E-06
38.04839
0.8698802
-43.25488
359.9115
88.07092
-1.814938E-05
38.04835
0.869895
-43.25488
359.9087
88.07092
-3.581185E-05
38.04836
0.8698665
-43.25488
359.9098
88.07093
-5.427472E-05
38.04841
0.8698287
-43.25487
359.913
88.07094
-5.602562E-05
38.04848
0.8697786
-43.25487
359.9174
88.07094
-5.523854E-05
38.04866
0.869653
-43.25487
359.929
88.07094
-5.150994E-05
38.04887
0.8695098
-43.25486
359.9424
88.07095
-4.118459E-05
38.04908
0.8693653
-43.25486
359.9562
88.07094
-3.200318E-05
38.04908
0.8693653
-43.25486
359.9562
88.07094
-3.200318E-05
38.04927
0.8692316
-43.25486
359.969
88.07095
-2.207972E-05
38.04944
0.8691167
-43.25485
359.98
88.07095
-1.762659E-05
38.04958
0.8690246
-43.25485
359.989
88.07094
-1.124663E-05
38.04958
0.8690246
-43.25485
359.989
88.07094
-1.124663E-05
38.04968
0.8689566
-43.25485
-0.00427048
88.07092
-5.73504E-06
38.04975
0.8689115
-43.25485
0.000292045
88.07092
-2.648775E-06
38.04979
0.8688865
-43.25484
0.002935782
88.07092
-9.748778E-07
38.04979
0.8688865
-43.25484
0.002935782
88.07092
-9.748778E-07
38.04981
0.8688787
-43.25484
0.004042615
88.07092
1.557887E-06
38.0498
0.8688822
-43.25484
0.003830569
88.07092
1.987483E-06
38.0498
0.8688877
-43.25484
0.00340226
88.07092
3.520253E-06
38.04978
0.868903
-43.25484
0.002071325
88.07093
2.823852E-06
38.04975
0.8689221
-43.25485
0.0003567619
88.07092
1.732925E-06
38.04974
0.868932
-43.25485
-0.0005633448
88.07092
1.603848E-06
38.04972
0.8689419
-43.25485
-0.001488283
88.07092
1.554083E-06
38.04969
0.8689609
-43.25485
-0.003277757
88.07092
4.754535E-07
