12.69753
0.8670987
0.7597605
359.9018
89.97078
-0.001523355
12.75328
0.8670756
0.7598802
359.8986
89.97724
-0.0008779975
12.81094
0.8671197
0.759876
359.8996
89.97471
-0.0003457188
12.81094
0.8671197
0.759876
359.8996
89.97471
-0.0003457188
12.87071
0.8671585
0.7599292
359.9008
89.97621
-0.0001708084
12.93227
0.8671932
0.7599051
359.9037
89.97147
-0.0002388469
12.99606
0.8672149
0.760028
359.9052
89.97787
-0.0001163301
13.02875
0.8672171
0.7600833
359.9055
89.98096
0.0001119712
13.06163
0.8672678
0.760134
359.9097
89.98402
0.0003890712
13.12937
0.8672649
0.7600236
359.911
89.97375
0.0004272075
13.19929
0.8672113
0.7600632
359.9088
89.97446
0.0003449183
13.23508
0.8672055
0.7601813
359.9082
89.98239
0.0003758943
13.3082
0.8671917
0.7602778
359.9068
89.98866
0.0007264622
13.3082
0.8671917
0.7602778
359.9068
89.98866
0.0007264622
13.38359
0.8671508
0.7602271
359.9031
89.98376
0.0006584238
13.46082
0.867171
0.7601954
359.9036
89.97981
0.0003954212
13.53995
0.86722
0.7612475
359.9064
89.95946
359.9557
13.58019
0.8672497
0.7626134
359.9088
89.93643
359.9097
13.62067
0.8673038
0.7643403
359.9137
89.89418
359.865
13.7029
0.8673249
0.7698408
359.9207
89.74751
359.7472
13.78638
0.8673069
0.778159
359.9284
89.52964
359.6313
13.8285
0.8672884
0.7835259
359.9329
89.38564
359.5675
13.87096
0.8672519
0.7897477
359.9364
89.22591
359.5118
13.91337
0.8672589
0.7969053
359.9438
89.0453
359.4557
13.99782
0.8672971
0.8144643
359.9655
88.60793
359.3371
14.08149
0.86731
0.8360137
359.9926
88.07791
359.2408
14.16397
0.8673178
0.8613374
0.02453311
87.46603
359.1815
14.20499
0.8672767
0.8753092
0.03795251
87.13438
359.1669
14.24563
0.8672502
0.8897006
0.05241683
86.78526
359.1763
14.32723
0.8671046
0.9203572
0.06956734
86.06498
359.2231
14.40881
0.8670003
0.9526939
0.08082545
85.31312
359.3043
14.4497
0.8669513
0.9694319
0.08340013
84.92741
359.3482
14.53302
0.8667775
1.002936
0.07278545
84.15092
359.4766
14.53302
0.8667775
1.002936
0.07278545
84.15092
359.4766
14.61841
0.8666954
1.035583
0.05340506
83.39045
359.653
14.70636
0.86672
1.066559
0.02903071
82.65709
359.8498
14.79731
0.8667383
1.096155
-0.002656652
81.97221
0.01934291
14.84372
0.8668084
1.110176
359.9841
81.64775
0.102404
14.89088
0.8668723
1.123895
359.9703
81.33865
0.1697066
14.98758
0.8669797
1.149761
359.9424
80.77191
0.2951889
15.08685
0.8671594
1.173406
359.9235
80.27296
0.3996933
15.13775
0.8671795
1.184498
359.9119
80.06276
0.4488038
15.18938
0.8672012
1.195207
359.9015
79.87561
0.483864
15.24159
0.867249
1.205284
359.8944
79.71311
0.5212522
15.34787
0.8673381
1.224453
359.885
79.45197
0.5512561
15.45642
0.8674037
1.243118
359.8805
79.25591
0.5199567
15.56706
0.8674549
1.261819
359.8806
79.10555
0.4479719
15.56706
0.8674549
1.261819
359.8806
79.10555
0.4479719
15.67951
0.8675102
1.28082
359.8861
78.98372
0.3572783
15.79398
0.867495
1.300518
359.8906
78.89008
0.2646665
15.91043
0.8674526
1.321023
359.8949
78.81724
0.1807736
15.96934
0.8674327
1.331586
359.8974
78.78701
0.1439244
16.02869
0.867414
1.342353
359.9002
78.76016
0.110932
16.14808
0.8673999
1.36588
359.9088
78.68403
359.9923
16.26764
0.8674227
1.39284
359.924
78.55624
359.8244
16.32753
0.8673854
1.407833
359.9303
78.45596
359.7245
16.38726
0.8673508
1.423783
359.938
78.33865
359.6341
16.44648
0.8673757
1.440915
359.951
78.20663
359.5414
16.56327
0.8673987
1.478728
359.9829
77.83878
359.3441
16.67684
0.8674535
1.521204
0.02710985
77.36595
359.1781
16.78661
0.8674573
1.568015
0.07750416
76.78411
359.0546
16.78661
0.8674573
1.568015
0.07750416
76.78411
359.0546
16.89158
0.8674198
1.619294
0.1337118
76.10866
358.9576
16.99165
0.8673091
1.674274
0.1888319
75.34356
358.9113
17.08771
0.8671376
1.731651
0.2344695
74.5078
358.9456
17.13473
0.8669817
1.761214
0.2483029
74.07385
358.9799
17.18082
0.8668799
1.791042
0.2620398
73.63267
359.029
17.2709
0.8667159
1.851689
0.280892
72.73281
359.1446
17.3585
0.8666084
1.913136
0.2888498
71.8135
359.2725
17.4014
0.8666
1.943986
0.290714
71.3504
359.3397
17.44378
0.8666002
1.974962
0.2903105
70.88643
359.403
17.52706
0.8666134
2.037191
0.2833022
69.95704
359.5152
17.60841
0.8666683
2.099684
0.2714312
69.03041
359.6096
17.64838
0.8667165
2.130985
0.2648229
68.56987
359.6507
17.68792
0.8667611
2.162332
0.2572075
68.1098
359.6859
17.72703
0.8668066
2.193727
0.2490753
67.65066
359.7158
17.80398
0.8668984
2.25668
0.2320773
66.73545
359.7612
17.87922
0.8669911
2.319883
0.2155692
65.8254
359.7906
17.95276
0.8670802
2.383364
0.2006857
64.92162
359.8081
17.95276
0.8670802
2.383364
0.2006857
64.92162
359.8081
18.02457
0.8671589
2.447142
0.1880579
64.02505
359.8175
18.09619
0.8671538
2.510448
0.1691431
63.15006
359.8752
18.16894
0.8671109
2.572517
0.143288
62.3143
359.9845
18.20553
0.8671178
2.603244
0.1313355
61.91027
0.02895792
18.27993
0.8671209
2.66361
0.1053737
61.14268
0.1357212
18.31776
0.8671213
2.693243
0.09209238
60.77947
0.1902401
18.39526
0.8671172
2.75095
0.0649443
60.11036
0.3122942
18.39526
0.8671172
2.75095
0.0649443
60.11036
0.3122942
18.51469
0.8672329
2.833967
0.03802048
59.2716
0.4518006
18.55521
0.86727
2.860809
0.03194581
59.03535
0.4853072
18.59602
0.8673071
2.887316
0.02730745
58.82018
0.5058199
18.67873
0.8673694
2.938717
0.02249934
58.4693
0.5535425
18.76231
0.8674088
2.988795
0.02225081
58.20692
0.5568069
18.80426
0.8674178
3.013581
0.0232791
58.10154
0.5379651
18.84626
0.8674201
3.038291
0.02483824
58.00993
0.5080673
18.9303
0.8674079
3.087658
0.02903512
57.8602
0.4262784
19.01424
0.8673797
3.137155
0.03401791
57.7451
0.3318985
19.05614
0.8673618
3.162003
0.03660923
57.69768
0.2848527
19.09798
0.8673425
3.186935
0.03918887
57.65583
0.2397256
19.18073
0.8673084
3.238041
0.04481603
57.56046
0.1061227
19.26151
0.8672846
3.291464
0.05222768
57.42521
359.9272
19.26151
0.8672846
3.291464
0.05222768
57.42521
359.9272
19.33959
0.8672656
3.347709
0.06224588
57.23392
359.7325
19.41448
0.8673003
3.406253
0.07937989
56.97063
359.5661
19.4861
0.8672515
3.467257
0.09540837
56.61508
359.4185
19.4861
0.8672515
3.467257
0.09540837
56.61508
359.4185
19.55359
0.8672404
3.530524
0.1176707
56.17896
359.2981
19.61624
0.8673025
3.595431
0.1501848
55.66539
359.2167
19.67406
0.8672919
3.661873
0.1833085
55.07419
359.1604
19.67406
0.8672919
3.661873
0.1833085
55.07419
359.1604
19.72803
0.8671498
3.729296
0.2074166
54.42125
359.1618
19.77886
0.8670628
3.796745
0.2282432
53.73358
359.231
19.82743
0.866953
3.86416
0.238588
53.03275
359.3394
19.82743
0.866953
3.86416
0.238588
53.03275
359.3394
19.87417
0.8669035
3.930988
0.2431343
52.31827
359.4641
19.91946
0.8668621
3.997354
0.2395367
51.60062
359.5806
19.96346
0.8668476
4.063185
0.2303177
50.88317
359.6805
19.96346
0.8668476
4.063185
0.2303177
50.88317
359.6805
20.00628
0.8668665
4.128465
0.2178505
50.16823
359.7604
20.04795
0.8669139
4.193201
0.2039622
49.45747
359.8209
20.06836
0.8669448
4.225373
0.1969236
49.10406
359.8445
20.10835
0.867015
4.28934
0.1833308
48.40176
359.8802
20.1472
0.8670877
4.352826
0.1710002
47.70615
359.9035
20.16621
0.8671221
4.384397
0.1654686
47.36103
359.9114
20.18493
0.8671547
4.415854
0.1604141
47.01781
359.9175
20.22151
0.867211
4.478439
0.1517946
46.3372
359.925
20.25695
0.8672541
4.540588
0.1451606
45.66466
359.9285
20.27424
0.8672704
4.571499
0.1425445
45.33151
359.9292
20.29124
0.8672832
4.602302
0.1403656
45.00045
359.9296
20.32439
0.8672992
4.663575
0.1371734
44.34473
359.9295
20.35642
0.8673044
4.724397
0.1352942
43.69761
359.9292
20.37202
0.8673034
4.754635
0.1347488
43.3773
359.9291
20.38733
0.8673007
4.784755
0.1344131
43.05918
359.9291
20.41715
0.8672911
4.844635
0.1342319
42.42945
359.9294
20.4459
0.8672776
4.90402
0.1344842
41.80843
359.9304
20.4459
0.8672776
4.90402
0.1344842
41.80843
359.9304
20.4736
0.8672625
4.962893
0.1349374
41.19609
359.9319
20.50058
0.8671344
5.022101
0.1258147
40.59143
359.9174
20.52656
0.8670943
5.081032
0.120078
40.00296
359.9131
20.52656
0.8670943
5.081032
0.120078
40.00296
359.9131
20.56427
0.8670904
5.169353
0.1109602
39.10876
359.9048
20.57645
0.8671002
5.19885
0.1080269
38.81511
359.9033
20.6005
0.8670787
5.258364
0.09750952
38.22777
359.8944
20.6005
0.8670787
5.258364
0.09750952
38.22777
359.8944
20.63588
0.8670703
5.348845
0.07842968
37.3286
359.8755
20.64754
0.8670465
5.379514
0.0698194
37.02052
359.8645
20.65902
0.8670788
5.410272
0.06438571
36.71004
359.8574
20.68177
0.8670466
5.47334
0.0456531
36.09829
359.8349
20.7042
0.8671124
5.537234
0.03338724
35.46223
359.8212
20.71525
0.8671475
5.569715
0.02774638
35.14513
359.8159
20.72627
0.867174
5.602535
0.02195511
34.81983
359.8095
20.74791
0.8672065
5.669279
0.01110677
34.17562
359.7991
20.76928
0.8672054
5.737429
0.0006362081
33.50685
359.7832
20.77974
0.8672287
5.77185
-0.001674644
33.16985
359.7796
20.79006
0.867268
5.806614
-0.002599908
32.83251
359.7791
20.81169
0.8672878
5.877095
359.9911
32.16922
359.8275
20.83568
0.8671591
5.949345
359.9712
31.53168
359.9155
20.83568
0.8671591
5.949345
359.9712
31.53168
359.9155
20.87667
0.8671452
6.060041
359.9442
30.62463
0.07031616
20.8916
0.8671004
6.097939
359.9318
30.34488
0.1129761
20.92384
0.8671538
6.174071
359.9164
29.83303
0.2211301
20.92384
0.8671538
6.174071
359.9164
29.83303
0.2211301
20.95963
0.8671604
6.251561
359.8991
29.38312
0.3215268
20.99876
0.8671701
6.330154
359.8848
29.01872
0.4112107
21.04086
0.8673403
6.408898
359.8864
28.74758
0.4897417
21.06293
0.8673354
6.448948
359.8835
28.6441
0.5051131
21.10834
0.8673407
6.530022
359.8817
28.48254
0.4905607
21.13153
0.8673786
6.571029
359.8843
28.41921
0.4653369
21.15501
0.8674079
6.612423
359.8874
28.36362
0.4320567
21.20271
0.8674498
6.696384
359.8951
28.27013
0.3515259
21.25015
0.8673874
6.783109
359.8973
28.1801
0.2102751
21.27336
0.8673481
6.827591
359.8982
28.11076
0.110144
21.29607
0.8673486
6.872666
359.9019
28.02897
0.01181598
21.33925
0.8673222
6.965169
359.9104
27.80265
359.7878
21.37887
0.8673689
7.060167
359.928
27.50435
359.581
21.37887
0.8673689
7.060167
359.928
27.50435
359.581
21.41471
0.8673918
7.157435
359.9501
27.11167
359.4007
21.44641
0.8673397
7.256772
359.9731
26.61031
359.2454
21.47304
0.867349
7.357265
0.006301837
26.01557
359.121
21.47304
0.867349
7.357265
0.006301837
26.01557
359.121
21.50359
0.8672391
7.509902
0.0568809
24.95094
358.9973
21.51182
0.8671603
7.561252
0.07011477
24.55347
358.9879
21.51929
0.8670819
7.612756
0.08184978
24.14338
358.9981
21.53209
0.8669934
7.716136
0.1035038
23.28883
359.0569
21.54277
0.8668748
7.82041
0.1139831
22.39589
359.1462
21.54744
0.8668113
7.872955
0.1150244
21.93857
359.1938
21.55168
0.8667753
7.925649
0.1154656
21.47446
359.2432
21.55895
0.8667821
8.03152
0.1151798
20.5379
359.345
21.56479
0.8668333
8.138062
0.1119977
19.58114
359.4339
21.56479
0.8668333
8.138062
0.1119977
19.58114
359.4339
21.56917
0.8668275
8.245736
0.1008184
18.60938
359.4963
21.57377
0.8668334
8.354542
0.08315522
17.64705
359.6088
21.58043
0.8668051
8.465324
0.05307719
16.70154
359.7672
21.58424
0.8667898
8.521649
0.03506722
16.24105
359.8308
21.5939
0.8668296
8.635612
0.0001721694
15.34732
359.9793
21.59971
0.866899
8.693253
359.9851
14.92202
0.05721401
21.61431
0.8669702
8.81047
359.9503
14.13465
0.2267138
21.61431
0.8669702
8.81047
359.9503
14.13465
0.2267138
21.6426
0.8671057
8.990236
359.9065
13.1268
0.4267094
21.65349
0.8671621
9.051143
359.8958
12.84132
0.4778592
21.66507
0.8672033
9.112601
359.8858
12.57713
0.5137394
21.68802
0.8673365
9.237051
359.8754
12.07608
0.4658858
21.70872
0.8675008
9.363403
359.8775
11.56753
0.281043
21.71751
0.8676063
9.427044
359.8853
11.29991
0.1493406
21.72523
0.86763
9.491393
359.8905
11.0195
0.01048944
21.7365
0.8676726
9.620707
359.9109
10.41037
359.7182
21.74179
0.8676687
9.750633
359.9405
9.723392
359.4394
21.743
0.8676166
9.815944
359.9539
9.358969
359.3584
21.74355
0.8674916
9.881944
359.9612
8.982498
359.3051
21.74453
0.8672711
10.01525
359.9699
8.233381
359.3416
21.74652
0.8670903
10.1508
359.9689
7.51177
359.4998
21.74652
0.8670903
10.1508
359.9689
7.51177
359.4998
21.75041
0.8669736
10.2887
359.9612
6.844267
359.7125
21.75704
0.8669398
10.42874
359.9513
6.254395
359.9479
21.76696
0.8669522
10.57073
359.9411
5.771646
0.1823518
21.76696
0.8669522
10.57073
359.9411
5.771646
0.1823518
21.77949
0.8670065
10.71454
359.933
5.386738
0.3459346
21.79356
0.8670669
10.86031
359.9257
5.080018
0.4175424
21.80846
0.8671209
11.00814
359.919
4.833412
0.4157054
21.80846
0.8671209
11.00814
359.919
4.833412
0.4157054
21.82371
0.8671688
11.15805
359.9131
4.633368
0.3674285
21.83748
0.8672193
11.31008
359.9091
4.439378
0.2313439
21.84758
0.8672882
11.46395
359.9103
4.204596
0.003002608
21.84758
0.8672882
11.46395
359.9103
4.204596
0.003002608
21.85247
0.8673621
11.61913
359.9189
3.895333
359.7231
21.85155
0.867403
11.77518
359.9338
3.492455
359.4488
21.84423
0.8674245
11.93139
359.9568
2.979636
359.1955
21.84423
0.8674245
11.93139
359.9568
2.979636
359.1955
21.83002
0.8674243
12.08694
359.9882
2.34454
358.9742
21.80868
0.8674041
12.24097
0.02805967
1.58155
358.7922
21.78019
0.8673588
12.39268
0.07482488
0.6902304
358.6546
21.78019
0.8673588
12.39268
0.07482488
0.6902304
358.6546
21.74513
0.8672465
12.54193
0.1210278
359.6859
358.5802
21.70441
0.8670747
12.6891
0.1597338
358.5887
358.5753
21.65894
0.8669016
12.83444
0.1892328
357.4181
358.6306
21.65894
0.8669016
12.83444
0.1892328
357.4181
358.6306
21.61118
0.8666793
12.97956
0.1976113
356.2132
358.7998
21.56344
0.8664927
13.12588
0.1848139
355.0158
359.0706
21.5395
0.8664337
13.19953
0.1735406
354.4238
359.2
21.49286
0.8664269
13.34789
0.1467846
353.2703
359.4898
21.47034
0.8664762
13.42263
0.1328404
352.7117
359.6378
21.42783
0.8665937
13.5738
0.1013649
351.6671
359.947
21.38873
0.8667473
13.72673
0.07230991
350.732
0.224811
21.38873
0.8667473
13.72673
0.07230991
350.732
0.224811
21.3398
0.8670868
13.9581
0.0511584
349.6396
0.6519001
21.32576
0.8671349
14.03573
0.04564196
349.371
0.7668058
21.31283
0.8672075
14.11328
0.04467116
349.1416
0.8547859
21.29069
0.8672977
14.26855
0.04790436
348.8358
1.010411
21.27351
0.8674015
14.42315
0.06377956
348.7114
1.114084
21.26675
0.8674034
14.50024
0.07258832
348.7235
1.15851
21.26118
0.867409
14.57695
0.08404621
348.7754
1.184849
21.25418
0.8674105
14.72912
0.1134072
349.0157
1.235337
21.25264
0.8674009
14.87904
0.1503823
349.4233
1.267289
21.25398
0.8673745
14.95303
0.170218
349.6908
1.282849
21.25671
0.8673651
15.02611
0.1927983
349.9895
1.286262
21.26642
0.8673027
15.1697
0.2386729
350.7026
1.291269
21.28114
0.8671765
15.30984
0.2803268
351.5361
1.261161
21.2901
0.8670741
15.37881
0.2963135
351.9918
1.233504
21.30003
0.8670062
15.44685
0.3123571
352.4624
1.192328
21.32079
0.8667451
15.58209
0.3215553
353.4467
1.037799
21.34078
0.8665233
15.71662
0.3087105
354.4407
0.7818212
21.34078
0.8665233
15.71662
0.3087105
354.4407
0.7818212
21.35851
0.8663877
15.85123
0.2779561
355.4091
0.4770373
21.37341
0.8663774
15.98614
0.2380338
356.3345
0.1823181
21.38517
0.8664614
16.12151
0.1942025
357.1978
359.9219
21.38976
0.8665401
16.18933
0.1730868
357.5976
359.8019
21.3936
0.8666147
16.25736
0.1515062
357.9803
359.7043
21.39651
0.8667169
16.3254
0.1324434
358.3327
359.6065
21.39902
0.8668547
16.46204
0.09396023
358.9281
359.4151
21.3982
0.8670309
16.59876
0.06581651
359.3944
359.2946
21.3954
0.8672619
16.73517
0.0511495
359.7673
359.2769
21.3954
0.8672619
16.73517
0.0511495
359.7673
359.2769
21.39181
0.8674073
16.87162
0.04085164
0.06295267
359.3397
21.38809
0.8674791
17.00813
0.03396622
0.29862
359.4485
21.38473
0.8674904
17.14479
0.02933227
0.4838345
359.5739
21.38323
0.867491
17.21313
0.02852888
0.5642695
359.6365
21.38194
0.8674484
17.2816
0.02602484
0.6332918
359.6965
21.37985
0.8674099
17.41837
0.0263177
0.7556646
359.8043
21.37855
0.8673997
17.55494
0.03114069
0.8519621
359.892
21.37811
0.8673776
17.62324
0.03319213
0.8986596
359.9278
21.37797
0.8673604
17.69152
0.03570983
0.9321876
359.9586
21.37803
0.8672925
17.82817
0.03886216
1.001618
0.005504421
21.37866
0.8672604
17.96461
0.04414038
1.060721
0.03591624
21.37923
0.8672528
18.03277
0.04716263
1.083165
0.04600903
21.37986
0.8672114
18.1011
0.04744567
1.107321
0.05317923
21.38064
0.8672177
18.16919
0.0508004
1.126342
0.05791644
21.38382
0.8671862
18.30548
0.05390581
1.190924
0.12233
21.39028
0.8671861
18.44118
0.05992011
1.312731
0.2537782
21.39462
0.8671786
18.50884
0.06281778
1.390432
0.3117133
21.4064
0.8672035
18.64307
0.07415485
1.612772
0.4583091
21.41389
0.8672336
18.70954
0.08263206
1.759295
0.5355495
21.43018
0.8671973
18.84219
0.09235521
2.084376
0.5854915
21.44622
0.8671167
18.97486
0.09378666
2.422598
0.4958016
21.44622
0.8671167
18.97486
0.09378666
2.422598
0.4958016
21.46028
0.8671004
19.10745
0.09385993
2.731627
0.3036524
21.47169
0.8671015
19.24005
0.09196492
2.983828
0.07817277
21.48122
0.8671057
19.37264
0.08849815
3.184591
359.9083
21.48549
0.8670965
19.439
0.08539126
3.270886
359.851
21.48957
0.8671111
19.50524
0.08366972
3.345513
359.8107
21.4972
0.86712
19.63785
0.07793634
3.47579
359.7727
21.50442
0.8671273
19.7705
0.07154562
3.582513
359.7757
21.50797
0.8671334
19.83682
0.06846969
3.627897
359.7871
21.51153
0.8671274
19.90322
0.06451113
3.667313
359.8028
21.51874
0.8671192
20.03612
0.05679779
3.731754
359.841
21.52608
0.8671478
20.16898
0.05214065
3.784423
359.8815
21.52984
0.867146
20.23548
0.04923567
3.805645
359.9009
21.53363
0.8671954
20.30171
0.05044519
3.82601
359.9191
21.54139
0.8672129
20.43449
0.0486114
3.86193
359.951
21.54938
0.8672187
20.56725
0.04746228
3.892464
359.9762
21.55297
0.8671961
20.63375
0.04564795
3.895199
359.9583
21.55622
0.8672307
20.69993
0.04842342
3.88733
359.9332
21.56018
0.8672647
20.83221
0.05417598
3.812562
359.8086
21.56022
0.8673091
20.96363
0.06606929
3.644879
359.638
21.55951
0.8672588
21.02937
0.06799743
3.536604
359.5933
21.55857
0.867256
21.09476
0.07301065
3.417279
359.5738
21.55753
0.8672005
21.2257
0.07646146
3.189002
359.6473
21.55882
0.8671322
21.35664
0.07512522
2.995483
359.8224
21.55882
0.8671322
21.35664
0.07512522
2.995483
359.8224
21.56215
0.8671215
21.48725
0.07500739
2.838464
359.9895
21.5668
0.8671153
21.61772
0.0736336
2.7126
0.1039001
21.57235
0.8671364
21.74798
0.07290799
2.608857
0.1641558
21.57537
0.8671559
21.81301
0.07295411
2.562116
0.1776587
21.57846
0.8671733
21.87796
0.07306917
2.521331
0.1824696
21.58486
0.867171
22.00794
0.07039884
2.448356
0.1730384
21.59136
0.8671644
22.13792
0.0667605
2.388745
0.1480943
21.59459
0.8671206
22.20313
0.06182249
2.364468
0.13279
21.5978
0.8671494
22.26801
0.06184779
2.341926
0.1168078
21.60414
0.8671621
22.39801
0.05880147
2.302074
0.08503628
21.6103
0.8671689
22.52805
0.05569858
2.27009
0.05650774
21.61336
0.8671774
22.59306
0.05468727
2.252601
0.04399909
21.61629
0.8671869
22.65803
0.0541659
2.24264
0.03273866
21.62207
0.8671832
22.78805
0.05198925
2.221424
0.01440814
21.62767
0.8671901
22.91804
0.05104176
2.20366
0.001260678
21.63038
0.8673654
22.98173
0.0657156
2.195158
-0.003523331
21.63297
0.8676024
23.04328
0.09495242
2.187531
359.9927
21.63778
0.8680215
23.15975
0.180911
2.17452
359.9877
21.64213
0.8682032
23.26707
0.2848545
2.16406
359.9852
21.64213
0.8682032
23.26707
0.2848545
2.16406
359.9852
21.64602
0.8681275
23.36491
0.3918999
2.155748
359.9847
21.64946
0.8678632
23.45306
0.492785
2.149236
359.9854
21.65248
0.8674998
23.53134
0.5819478
2.144215
359.987
21.65248
0.8674998
23.53134
0.5819478
2.144215
359.987
21.65508
0.8671167
23.59966
0.6564181
2.140419
359.989
21.65728
0.8667704
23.65797
0.7151065
2.137616
359.9911
21.65909
0.866495
23.70626
0.7583061
2.135603
359.9932
21.65909
0.866495
23.70626
0.7583061
2.135603
359.9932
21.66051
0.8663057
23.74454
0.7872872
2.134208
-0.004947797
21.66156
0.8662413
23.77287
0.8038115
2.133283
-0.003381992
21.66223
0.8663248
23.79128
0.8090767
2.132706
-0.002130578
21.66223
0.8663248
23.79128
0.8090767
2.132706
-0.002130578
21.66256
0.866474
23.80027
0.7989313
2.13235
-0.001192022
21.66253
0.866843
23.80008
0.7821973
2.131398
0.0006020624
21.6625
0.8667365
23.79944
0.7404993
2.13136
0.001054589
21.66242
0.8666396
23.79774
0.6282027
2.131325
0.001562671
21.66235
0.8668014
23.79576
0.4983162
2.131311
0.001670346
21.66231
0.8669742
23.79475
0.4324035
2.131309
0.001623836
21.66228
0.8671944
23.79377
0.3679639
2.13131
0.001532236
21.66221
0.8677258
23.79194
0.2479114
2.131318
0.001267409
21.66216
0.8682966
23.79036
0.1444249
2.131331
0.0009639235
21.66216
0.8682966
23.79036
0.1444249
2.131331
0.0009639235
21.66212
0.8688281
23.78907
0.06050233
2.131347
0.0006754003
21.66208
0.869269
23.78809
-0.003255871
2.131363
0.0004313204
21.66207
0.869447
23.78771
359.9721
2.131371
0.0003302681
21.66209
0.8696074
23.78806
359.9269
2.131119
0.0001714882
21.66196
0.8697577
23.78787
359.9181
2.140267
0.000176207
21.66213
0.8698851
23.7881
359.9046
2.129165
0.0001571911
21.66211
0.8698536
23.78933
359.8956
2.134247
-1.089188E-05
21.66211
0.8698536
23.78933
359.8956
2.134247
-1.089188E-05
21.66225
0.8697165
23.79186
359.8886
2.130249
-0.0001922802
21.66235
0.8695624
23.79562
359.8861
2.133593
1.713387E-05
21.66252
0.8694292
23.80061
359.8881
2.135606
0.0004005375
21.66252
0.8694292
23.80061
359.8881
2.135606
0.0004005375
21.66293
0.8691841
23.80788
359.8819
2.125539
5.990603E-05
21.66327
0.8689691
23.81728
359.8749
2.125198
-0.0002684401
21.66373
0.8688008
23.82894
359.8681
2.12235
-0.0004274132
21.66373
0.8688008
23.82894
359.8681
2.12235
-0.0004274132
21.66453
0.8687096
23.84969
359.8693
2.120276
-9.842435E-05
21.6648
0.8686807
23.85749
359.8708
2.121607
6.506663E-05
21.66509
0.8686647
23.86567
359.8736
2.122933
4.962113E-05
21.66584
0.8685899
23.88397
359.8752
2.117615
0.0001915069
21.66669
0.868413
23.90479
359.8703
2.111043
-0.0004998005
21.66699
0.8683364
23.91607
359.8681
2.11903
-0.0006219678
21.66743
0.8683033
23.92779
359.8685
2.118176
-0.0004031969
21.66838
0.8682036
23.95267
359.8697
2.114758
-0.0005376895
21.66923
0.8681165
23.97958
359.8725
2.125467
-0.0001738751
21.66923
0.8681165
23.97958
359.8725
2.125467
-0.0001738751
21.67083
0.8681396
24.02174
359.895
2.123171
0.0004391455
21.67147
0.8680744
24.03668
359.8992
2.116384
0.0004561486
21.67264
0.8679814
24.06697
359.9131
2.112419
0.0001784575
21.67264
0.8679814
24.06697
359.9131
2.112419
0.0001784575
21.67373
0.8680441
24.09695
359.9413
2.113112
-7.620653E-05
21.67495
0.8679463
24.12733
359.9632
2.105746
-0.0001288317
21.67548
0.8679235
24.14221
359.977
2.106544
-0.0003566082
21.67642
0.8678713
24.17178
0.003428457
2.117537
-0.0001995388
21.67754
0.8677247
24.20117
0.02231294
2.115449
0.0005382076
21.6781
0.8676666
24.21559
0.03158036
2.113673
0.0005132203
21.6786
0.8676376
24.22975
0.04183134
2.115852
0.0004355226
21.67947
0.8677219
24.25617
0.0728463
2.124687
0.0005111297
21.68044
0.8677266
24.28147
0.09609865
2.123897
0.0007008409
21.68091
0.86777
24.29338
0.1091652
2.122772
0.0006002777
21.68132
0.8677219
24.30499
0.1166593
2.124541
0.0004435967
21.68222
0.8677081
24.32651
0.1341658
2.116581
0.0002898419
21.68282
0.8677697
24.3458
0.152092
2.126387
7.21239E-05
21.68282
0.8677697
24.3458
0.152092
2.126387
7.21239E-05
21.68359
0.8677446
24.3631
0.1612239
2.117313
7.269632E-05
21.68419
0.8678367
24.37808
0.172155
2.114096
-0.000299811
21.68477
0.8679576
24.3906
0.1816456
2.129128
0.009509249
21.68477
0.8679576
24.3906
0.1816456
2.129128
0.009509249
21.68622
0.8679724
24.40611
0.1767123
2.151139
0.02840109
21.6867
0.8680754
24.40988
0.1795893
2.160013
0.03026606
21.68715
0.8681563
24.41318
0.180511
2.170081
0.02896818
21.68797
0.8682536
24.41808
0.1781989
2.191215
0.02512868
21.68855
0.8683707
24.42073
0.1749925
2.209848
0.01310903
21.68871
0.8684343
24.42125
0.1729837
2.216027
0.00420376
21.68877
0.8684938
24.42125
0.1703231
2.219131
359.9938
21.68851
0.8685997
24.41981
0.1632417
2.214263
359.9688
21.68758
0.8686492
24.41664
0.1527709
2.195877
359.9436
21.68758
0.8686492
24.41664
0.1527709
2.195877
359.9436
21.68613
0.8686882
24.4119
0.1416034
2.15708
359.9209
21.68382
0.8687469
24.40512
0.1354184
2.104799
359.8964
21.68091
0.8687603
24.39687
0.1286834
2.039676
359.8818
21.68091
0.8687603
24.39687
0.1286834
2.039676
359.8818
21.67735
0.8687253
24.38706
0.122168
1.956822
359.8728
21.67327
0.8686848
24.37567
0.118032
1.852081
359.8673
21.66833
0.8686374
24.36248
0.1172952
1.747363
359.8653
21.66565
0.8686817
24.35496
0.1224779
1.676978
359.855
21.65976
0.8686622
24.33865
0.1301337
1.526675
359.8429
21.6567
0.8685343
24.3304
0.1262212
1.454234
359.8528
21.65353
0.8684209
24.32184
0.1224887
1.378576
359.8629
21.64686
0.8683127
24.30339
0.1213827
1.209763
359.8718
21.63984
0.8681782
24.28361
0.1188792
1.025187
359.8843
21.63626
0.8681665
24.27313
0.1203016
0.9172266
359.8835
21.6325
0.8681152
24.26242
0.119563
0.8185437
359.889
21.62458
0.8681132
24.23937
0.1260362
0.6030083
359.8861
21.61636
0.8679607
24.21548
0.1230909
0.3874345
359.9
21.61636
0.8679607
24.21548
0.1230909
0.3874345
359.9
21.60784
0.8678977
24.18988
0.1256651
0.1471387
359.9029
21.5989
0.8678812
24.16253
0.1323334
359.8943
359.9005
21.58978
0.8678017
24.13409
0.1344761
359.6252
359.9023
21.58978
0.8678017
24.13409
0.1344761
359.6252
359.9023
21.58034
0.8676997
24.10432
0.1350182
359.3472
359.9074
21.57069
0.8676226
24.07323
0.1360611
359.056
359.913
21.56571
0.8675723
24.05722
0.135756
358.9148
359.9181
21.55577
0.8675147
24.02406
0.1376852
358.6025
359.9204
21.54549
0.8674821
23.98928
0.1420749
358.2827
359.9188
21.54041
0.8674678
23.97149
0.1438125
358.1104
359.917
21.53522
0.8674207
23.95336
0.1441159
357.9389
359.9183
21.52466
0.8673899
23.91583
0.1488524
357.584
359.9149
21.51402
0.8673256
23.87716
0.1504406
357.2179
359.9175
21.50866
0.8672439
23.85758
0.1473574
357.0381
359.9273
21.50335
0.8672071
23.83751
0.1469172
356.8446
359.9307
21.49258
0.8671765
23.79648
0.1468773
356.4649
359.938
21.48169
0.8672361
23.75356
0.1535432
356.069
359.9326
21.48169
0.8672361
23.75356
0.1535432
356.069
359.9326
21.47082
0.8672078
23.70967
0.1538014
355.6686
359.9378
21.46017
0.8670771
23.66506
0.1456431
355.2537
359.9558
21.4496
0.8670514
23.6195
0.1398246
354.8366
359.9677
21.4496
0.8670514
23.6195
0.1398246
354.8366
359.9677
21.43444
0.8670217
23.55054
0.124901
354.1957
359.9919
21.42954
0.8670512
23.52728
0.121188
353.9786
-0.00348333
21.42002
0.8670347
23.48069
0.1090505
353.5418
0.01187556
21.42002
0.8670347
23.48069
0.1090505
353.5418
0.01187556
21.4108
0.8670954
23.43388
0.09988996
353.1051
0.02009678
21.40219
0.8670918
23.38757
0.08534537
352.6605
0.03661773
21.39402
0.8670884
23.34186
0.06893372
352.2274
0.05705335
21.39402
0.8670884
23.34186
0.06893372
352.2274
0.05705335
21.38638
0.8670993
23.29693
0.05231234
351.7993
0.07548426
21.37924
0.8671461
23.25268
0.03838984
351.3775
0.08854102
21.37583
0.8671866
23.23076
0.03330152
351.1708
0.09245852
21.36938
0.8672311
23.18752
0.02309141
350.7636
0.1009856
21.36339
0.867243
23.14514
0.01334195
350.3675
0.1106592
21.36057
0.8672538
23.12423
0.009699456
350.1721
0.1134639
21.35787
0.8672653
23.10349
0.006772835
349.9784
0.1151323
21.35278
0.8672855
23.06256
0.002773707
349.5962
0.1157813
21.34808
0.867297
23.02234
0.0007580727
349.2211
0.1139343
21.34586
0.8672992
23.0025
0.0003332385
349.0362
0.1124176
21.34373
0.8672987
22.98283
0.0002226006
348.8531
0.1106519
21.33972
0.867292
22.94402
0.0007262587
348.492
0.1067059
21.33602
0.8672787
22.90589
0.001904456
348.1378
0.1026162
21.33428
0.8672717
22.88709
0.002652628
347.9633
0.1006222
21.33261
0.8672647
22.86846
0.003460906
347.7905
0.09869438
21.32948
0.8672548
22.8317
0.005103005
347.45
0.09509677
21.32662
0.8672512
22.79561
0.006590455
347.1162
0.09188136
21.32528
0.8672521
22.77782
0.007231713
346.9517
0.09041668
21.32401
0.8672549
22.76019
0.007778877
346.7889
0.08904155
21.32163
0.8672655
22.72543
0.008572657
346.4681
0.08653522
21.31949
0.8672826
22.69133
0.008958738
346.1538
0.08429807
21.3185
0.8672933
22.67452
0.00900263
345.999
0.0832601
21.31757
0.8673053
22.65787
0.008959366
345.8457
0.08226555
21.31586
0.8673325
22.62505
0.008623975
345.5439
0.08037659
21.31435
0.8673629
22.59287
0.008020186
345.2481
0.07858253
21.31366
0.8673791
22.57702
0.007640219
345.1025
0.0777081
21.31302
0.8673956
22.56133
0.007221749
344.9584
0.07684598
21.31188
0.8674296
22.5304
0.006280016
344.6747
0.07519778
21.31091
0.8674641
22.5001
0.00527153
344.3969
0.07362242
21.31048
0.8674811
22.48518
0.004755886
344.2602
0.07285225
21.31009
0.8674983
22.47042
0.00424504
344.125
0.07209104
21.30943
0.8675323
22.44134
0.003241771
343.8588
0.07058402
21.30891
0.8675656
22.41286
0.002295857
343.5984
0.06909354
21.3087
0.8675817
22.39884
0.001848483
343.4702
0.06835271
21.30852
0.8675978
22.38497
0.001417652
343.3435
0.06761452
21.30826
0.8676291
22.35767
0.0006201799
343.0943
0.06614856
21.30812
0.8676594
22.33095
-9.734687E-05
342.8505
0.06469708
21.30809
0.8676744
22.3178
-0.0004293048
342.7307
0.06397846
21.30808
0.8676889
22.3048
-0.0007437144
342.6122
0.06326556
21.30815
0.8677171
22.27922
-0.001324844
342.3792
0.06185595
21.30832
0.8677448
22.25419
-0.001844901
342.1514
0.06046991
21.30844
0.8677584
22.24188
-0.002089105
342.0395
0.05978597
21.30857
0.8677717
22.22971
-0.002322048
341.9289
0.05910823
21.30909
0.8678603
22.20546
0.001894674
341.6919
0.04703553
21.30958
0.8678995
22.18113
0.006945299
341.4625
0.03730348
21.30958
0.8678995
22.18113
0.006945299
341.4625
0.03730348
21.30999
0.8678595
22.15733
0.007082504
341.2504
0.03904285
21.31072
0.8679292
22.13279
0.01740068
341.0152
0.02270286
21.31153
0.8679252
22.1079
0.02661577
340.7795
0.0121274
21.31192
0.8679067
22.09539
0.03019046
340.6641
0.00839573
21.3123
0.8679363
22.08226
0.0387166
340.5508
-0.001359771
21.31333
0.8679572
22.05539
0.05549991
340.3032
359.9795
21.31445
0.8678969
22.02735
0.0705316
340.0488
359.964
21.31503
0.8678982
22.01257
0.08114691
339.921
359.9535
21.31573
0.8678429
21.9977
0.08820097
339.7824
359.9479
21.31718
0.8677636
21.96686
0.1034172
339.4994
359.9331
21.31878
0.8676417
21.93449
0.1160565
339.2066
359.9262
21.31958
0.8675848
21.91782
0.1213113
339.0631
359.9254
21.32043
0.8675051
21.901
0.1240245
338.9174
359.9282
21.32253
0.8675283
21.86543
0.1409235
338.5998
359.9117
21.32478
0.8674293
21.82889
0.1479975
338.2767
359.9114
21.32603
0.8673365
21.81029
0.1478032
338.1089
359.9176
21.32727
0.8672185
21.7915
0.1449514
337.9449
359.9274
21.33015
0.8671939
21.75245
0.1496361
337.6007
359.9286
21.33333
0.8671595
21.71217
0.1520262
337.2504
359.9324
21.33515
0.8671635
21.69152
0.153961
337.0616
359.9307
21.33702
0.8671833
21.67045
0.1565839
336.8743
359.9273
21.34103
0.8671758
21.62759
0.1577535
336.4909
359.9282
21.34542
0.8670752
21.58399
0.151225
336.0935
359.9413
21.34783
0.8671029
21.5615
0.1522581
335.8881
359.9402
21.35036
0.8671017
21.53883
0.1513958
335.6784
359.9423
21.35568
0.8670497
21.49294
0.1454045
335.2556
359.9536
21.35845
0.8670419
21.46975
0.1420835
335.0471
359.9607
21.36458
0.8671103
21.42205
0.1426932
334.6071
359.9608
21.37126
0.8671535
21.37295
0.1443899
334.1577
359.9596
21.37126
0.8671535
21.37295
0.1443899
334.1577
359.9596
21.37843
0.8671859
21.32277
0.1455379
333.7019
359.9609
21.38607
0.8671381
21.27196
0.1409243
333.2432
359.9722
21.3901
0.8671135
21.2464
0.1374512
333.0089
359.9792
21.39857
0.86707
21.19511
0.1284796
332.5315
359.9943
21.40293
0.8670261
21.16959
0.1209649
332.2931
0.005474517
21.41206
0.8670766
21.11778
0.1144462
331.8226
0.01613563
21.42165
0.8670254
21.06673
0.09867814
331.3409
0.03756016
21.42165
0.8670254
21.06673
0.09867814
331.3409
0.03756016
21.43179
0.8670905
21.01564
0.08900216
330.8544
0.04794839
21.44215
0.8670672
20.96589
0.07044447
330.371
0.06990823
21.45281
0.8671377
20.91654
0.05790408
329.9001
0.08227417
21.45281
0.8671377
20.91654
0.05790408
329.9001
0.08227417
21.46383
0.8672142
20.86797
0.04716825
329.4297
0.09035297
21.47508
0.8672583
20.82031
0.03645979
328.9647
0.0983462
21.48656
0.867288
20.77356
0.02697036
328.5058
0.1050117
21.48656
0.867288
20.77356
0.02697036
328.5058
0.1050117
21.49823
0.8673103
20.72771
0.01930051
328.0535
0.1097507
21.51009
0.8673266
20.68274
0.01359083
327.6083
0.1125133
21.5221
0.8673367
20.63866
0.009717153
327.1703
0.1135316
21.5221
0.8673367
20.63866
0.009717153
327.1703
0.1135316
21.53424
0.8673397
20.59543
0.007428596
326.7396
0.1131492
21.5465
0.8673365
20.55305
0.006415692
326.3162
0.111729
21.55886
0.867328
20.5115
0.006362084
325.9002
0.1096141
21.55886
0.867328
20.5115
0.006362084
325.9002
0.1096141
21.57129
0.867316
20.47077
0.006976394
325.4915
0.1070825
21.58379
0.8673019
20.43084
0.008002548
325.0901
0.1043494
21.59633
0.8672869
20.39171
0.00923834
324.6959
0.1015622
21.59633
0.8672869
20.39171
0.00923834
324.6959
0.1015622
21.60891
0.8672733
20.35336
0.01054445
324.3088
0.09879688
21.62151
0.8672609
20.31578
0.01180124
323.9287
0.09611173
21.63413
0.8672505
20.27897
0.01293526
323.5556
0.09353555
21.63413
0.8672505
20.27897
0.01293526
323.5556
0.09353555
21.64675
0.8672422
20.2429
0.01389725
323.1893
0.09108343
21.65935
0.8672388
20.20758
0.01466983
322.8298
0.08875259
21.67193
0.8672426
20.17298
0.01519252
322.477
0.08654162
21.67193
0.8672426
20.17298
0.01519252
322.477
0.08654162
21.68448
0.8672537
20.13911
0.01540824
322.1309
0.08445978
21.69699
0.8672712
20.10594
0.01530817
321.7914
0.08248947
21.70946
0.8672943
20.07348
0.01492385
321.4584
0.0806047
21.70946
0.8672943
20.07348
0.01492385
321.4584
0.0806047
21.72186
0.8673217
20.04171
0.01429445
321.132
0.07878125
21.73419
0.8673521
20.01062
0.01347376
320.8119
0.07700081
21.74646
0.8673848
19.9802
0.01252354
320.4981
0.07525188
21.74646
0.8673848
19.9802
0.01252354
320.4981
0.07525188
21.75863
0.8674186
19.95045
0.01149273
320.1906
0.07353006
21.77072
0.8674532
19.92134
0.01044285
319.8892
0.07180983
21.78271
0.8674878
19.89288
0.009413612
319.5938
0.07009345
21.78271
0.8674878
19.89288
0.009413612
319.5938
0.07009345
21.7946
0.8675218
19.86505
0.008430151
319.3044
0.06839222
21.80638
0.867555
19.83784
0.007508364
319.0209
0.06671215
21.81805
0.8675873
19.81124
0.006658014
318.7433
0.06506181
21.81805
0.8675873
19.81124
0.006658014
318.7433
0.06506181
21.8296
0.8676187
19.78524
0.005880778
318.4713
0.06344277
21.84102
0.8676489
19.75984
0.005167609
318.205
0.06186439
21.85218
0.8675771
19.73546
-0.00229053
317.941
0.07206275
21.85218
0.8675771
19.73546
-0.00229053
317.941
0.07206275
21.86342
0.8676896
19.71088
0.002332828
317.6966
0.06463716
21.8748
0.8676967
19.68672
0.004185075
317.439
0.0601434
21.88058
0.867722
19.67448
0.00771053
317.3131
0.05465569
21.88642
0.8677862
19.66212
0.01401016
317.191
0.04571663
21.89836
0.8677845
19.63729
0.02294959
316.9355
0.03418708
21.91067
0.8677596
19.61195
0.03343386
316.6753
0.02142537
21.92358
0.8677882
19.58569
0.04975066
316.4048
-0.0003336822
21.92358
0.8677882
19.58569
0.04975066
316.4048
-0.0003336822
21.93734
0.8678247
19.55801
0.07165183
316.1181
359.9702
21.95158
0.8677408
19.52923
0.08867166
315.8327
359.9538
21.96652
0.867623
19.49943
0.1027405
315.5331
359.9451
21.96652
0.867623
19.49943
0.1027405
315.5331
359.9451
21.98197
0.8674765
19.46873
0.1121907
315.2322
359.9433
21.99838
0.8674452
19.43679
0.1259966
314.9068
359.932
22.0157
0.867411
19.40339
0.139947
314.5736
359.9213
22.0157
0.867411
19.40339
0.139947
314.5736
359.9213
22.04297
0.8672256
19.35142
0.1485555
314.0539
359.923
22.05258
0.8672218
19.33341
0.1534291
313.8727
359.9202
22.06236
0.8671999
19.31536
0.1558298
313.6821
359.9194
22.08221
0.8670425
19.27882
0.1510253
313.3023
359.9337
22.10299
0.8670136
19.2412
0.15034
312.9131
359.9419
22.11374
0.8670145
19.22195
0.150607
312.7163
359.9447
22.12463
0.8669996
19.20255
0.1491788
312.5201
359.9499
22.14726
0.8670607
19.1629
0.1510122
312.1133
359.9497
22.17092
0.8671112
19.12224
0.152965
311.6915
359.9488
22.18309
0.8671036
19.10159
0.1523238
311.4743
359.9503
22.1956
0.8671468
19.08061
0.1545833
311.253
359.9476
22.22137
0.8672239
19.0379
0.1590045
310.8041
359.9428
22.24776
0.8671443
18.99486
0.1528314
310.3483
359.9557
22.26142
0.8671388
18.97292
0.1519348
310.1119
359.9568
22.27527
0.8671352
18.95091
0.1503768
309.871
359.9594
22.30364
0.8671479
18.90606
0.1488482
309.4
359.9645
22.33274
0.8671082
18.86099
0.1424228
308.9218
359.9796
22.34788
0.8671649
18.83794
0.1446037
308.6743
359.9765
22.36328
0.8671903
18.8148
0.1453693
308.4194
359.9751
22.39481
0.8672204
18.76782
0.1469669
307.9132
359.9742
22.42722
0.8671613
18.72063
0.1426118
307.389
359.9843
22.44384
0.867171
18.69663
0.1428833
307.1294
359.9855
22.46085
0.8671986
18.67241
0.1447508
306.8626
359.9843
22.49545
0.8671703
18.62395
0.1426081
306.3179
359.9916
22.53134
0.8671926
18.57451
0.1449838
305.7735
359.9943
22.54978
0.8672154
18.54955
0.1471408
305.494
359.9933
22.56838
0.8672112
18.52456
0.1471545
305.2151
-0.005148686
22.60646
0.8671771
18.47417
0.1461027
304.6502
0.001746907
22.6459
0.8672078
18.42323
0.1487691
304.0642
0.0008973592
22.6459
0.8672078
18.42323
0.1487691
304.0642
0.0008973592
22.68629
0.8671801
18.37225
0.1464916
303.4626
0.007271227
22.72766
0.8671643
18.32102
0.1434547
302.8557
0.01396893
22.76974
0.8671226
18.27001
0.1359121
302.2448
0.02947358
22.791
0.8671051
18.24464
0.1310617
301.9391
0.03871956
22.81231
0.867047
18.21944
0.1231106
301.6378
0.05344257
22.85536
0.8669835
18.16953
0.107769
301.0294
0.08002617
22.89904
0.8670492
18.12008
0.09807245
300.4188
0.09280851
22.89904
0.8670492
18.12008
0.09807245
300.4188
0.09280851
22.94297
0.8671128
18.0715
0.08726024
299.8101
0.1046103
22.98675
0.8670682
18.02423
0.06886113
299.1999
0.1256101
23.03069
0.8671492
17.9778
0.05739197
298.5975
0.1343486
23.03069
0.8671492
17.9778
0.05739197
298.5975
0.1343486
23.09596
0.8671357
17.91075
0.03287345
297.7225
0.1648704
23.11753
0.8671118
17.88918
0.02371006
297.4307
0.1749211
23.13905
0.8671055
17.86789
0.0159719
297.1414
0.1824198
23.18196
0.8671362
17.82618
0.00474412
296.5702
0.1902636
23.22467
0.8671845
17.78557
-0.002190937
296.0085
0.1915253
23.24594
0.8672065
17.76567
-0.004453477
295.7312
0.190497
23.26716
0.8672253
17.74602
359.994
295.4559
0.1886812
23.3094
0.8672504
17.7075
359.9924
294.9121
0.1834366
23.35136
0.8672587
17.66996
359.9924
294.377
0.1771062
23.35136
0.8672587
17.66996
359.9924
294.377
0.1771062
23.39303
0.867254
17.63338
359.9935
293.8502
0.170538
23.43439
0.8672396
17.59773
-0.004815991
293.3317
0.1642624
23.47543
0.8672202
17.56299
-0.002773857
292.8214
0.1585221
23.47543
0.8672202
17.56299
-0.002773857
292.8214
0.1585221
23.51613
0.8671989
17.52914
-0.0007137681
292.3191
0.1534368
23.55649
0.8671787
17.49617
0.001247303
291.8249
0.1489634
23.57653
0.8671691
17.48
0.002108507
291.5808
0.1469471
23.61635
0.8671526
17.4483
0.003659147
291.0983
0.143295
23.6558
0.8671399
17.41742
0.004894251
290.6237
0.1400144
23.67538
0.8671347
17.40229
0.005396937
290.3892
0.1385021
23.69486
0.8671306
17.38736
0.005803887
290.1568
0.1370565
23.73354
0.8671246
17.3581
0.006414862
289.6975
0.1342926
23.77182
0.8671213
17.32962
0.006773573
289.2457
0.1316964
23.77182
0.8671213
17.32962
0.006773573
289.2457
0.1316964
23.80969
0.8671208
17.30191
0.006933296
288.8014
0.1291692
23.84714
0.8671217
17.27494
0.006944635
288.3645
0.126721
23.88417
0.8671238
17.2487
0.006858334
287.935
0.1242898
23.88417
0.8671238
17.2487
0.006858334
287.935
0.1242898
23.92077
0.8671264
17.22319
0.006720653
287.5128
0.121896
23.95693
0.8671293
17.19837
0.006568694
287.0977
0.1195081
23.97484
0.8671305
17.18622
0.006497488
286.8929
0.1183342
24.01082
0.8671966
17.16217
0.01209644
286.4769
0.1046466
24.04675
0.8672531
17.13834
0.01953635
286.0744
0.09104408
24.06466
0.8672357
17.1267
0.02134797
285.8654
0.08665796
24.08256
0.8672448
17.11499
0.02472316
285.6686
0.08212031
24.1186
0.8672279
17.09179
0.0315525
285.2654
0.07351994
24.15552
0.8673252
17.06833
0.04821128
284.8637
0.05154871
24.15552
0.8673252
17.06833
0.04821128
284.8637
0.05154871
24.1941
0.8673992
17.04549
0.07027434
284.4595
0.06552006
24.23405
0.8673552
17.02406
0.08767454
284.077
0.1220725
24.27519
0.8672152
17.00437
0.09799516
283.7374
0.2022669
24.2962
0.8671808
16.99496
0.1034495
283.5753
0.2258797
24.31778
0.8671821
16.98594
0.1110618
283.4152
0.2498462
24.36139
0.8670939
16.96981
0.1161384
283.1256
0.3128867
24.38343
0.8670498
16.96223
0.1162759
282.9939
0.3279318
24.42831
0.8670369
16.94835
0.117379
282.7718
0.360766
24.4737
0.8669933
16.93637
0.1116751
282.5977
0.3914377
24.4967
0.8670028
16.93101
0.1092812
282.536
0.4070873
24.51976
0.867017
16.92598
0.106139
282.4868
0.412681
24.56602
0.8670422
16.91648
0.0977309
282.4163
0.3914703
24.61235
0.8670756
16.90742
0.08814563
282.3709
0.3398459
24.61235
0.8670756
16.90742
0.08814563
282.3709
0.3398459
24.65828
0.8670629
16.89862
0.07381329
282.3432
0.2744966
24.70406
0.8670877
16.88986
0.06165184
282.3244
0.2076662
24.7267
0.8670973
16.88552
0.05488883
282.3172
0.1761717
24.77113
0.8670861
16.87695
0.03797395
282.302
0.1199517
24.81433
0.8670652
16.86827
0.01913648
282.3047
0.07455649
24.83502
0.8669932
16.86415
0.004295188
282.301
0.05613169
24.85569
0.867026
16.86007
-0.004176771
282.2903
0.040221
24.89592
0.867071
16.85183
359.9792
282.2845
0.01526042
24.93446
0.8671127
16.84377
359.9634
282.2823
-0.0007594467
24.95336
0.86719
16.83983
359.96
282.2761
359.9936
24.97197
0.8672348
16.83588
359.9565
282.2739
359.9896
25.00854
0.8673611
16.82804
359.9555
282.2719
359.9855
25.04435
0.8674216
16.8203
359.9572
282.269
359.9846
25.04435
0.8674216
16.8203
359.9572
282.269
359.9846
25.08064
0.8675995
16.81241
359.9744
282.268
359.9857
25.11636
0.8676264
16.80468
359.9874
282.2621
359.9879
25.15234
0.8676374
16.7975
0.003292094
282.2778
0.02088484
25.17035
0.8676191
16.79406
0.0105574
282.2915
0.03427899
25.20635
0.8675451
16.7881
0.02195939
282.3442
0.08386002
25.2243
0.867494
16.78565
0.02565414
282.3854
0.1168656
25.24221
0.8674496
16.78345
0.02877401
282.4359
0.1427217
25.27781
0.8673656
16.77999
0.03177385
282.5664
0.1898418
25.31294
0.8672959
16.7779
0.03031855
282.7355
0.2289856
25.31294
0.8672959
16.7779
0.03031855
282.7355
0.2289856
25.34741
0.867248
16.7772
0.02463886
282.9411
0.2567108
25.38085
0.8672041
16.77794
0.01353359
283.1752
0.269266
25.4131
0.8671966
16.77997
-0.0004002731
283.4327
0.2652518
25.4131
0.8671966
16.77997
-0.0004002731
283.4327
0.2652518
25.44469
0.8673146
16.78244
359.9927
283.712
0.2362007
25.47592
0.867477
16.78429
359.9936
283.9883
0.1609367
25.49139
0.8675392
16.78506
-0.00506095
284.1236
0.1240935
25.52229
0.8676616
16.78549
0.002739275
284.3796
0.03032133
25.55311
0.8677377
16.78443
0.0137029
284.6115
359.9359
25.55311
0.8677377
16.78443
0.0137029
284.6115
359.9359
25.58385
0.8677593
16.78193
0.02515527
284.8172
359.859
25.61446
0.8677433
16.7779
0.0359154
284.9927
359.7964
25.6449
0.8677016
16.77239
0.04479767
285.1336
359.7485
25.6449
0.8677016
16.77239
0.04479767
285.1336
359.7485
25.67486
0.8676397
16.76502
0.05017922
285.2228
359.6918
25.70403
0.8675358
16.75617
0.04867407
285.2634
359.6548
25.71864
0.8675339
16.75146
0.04958664
285.2653
359.6544
25.74737
0.8675304
16.74113
0.04890711
285.2363
359.6537
25.77551
0.8675267
16.72993
0.04541109
285.1687
359.6663
25.78928
0.8675212
16.72396
0.04233029
285.1204
359.6703
25.80291
0.8675255
16.71786
0.03922872
285.0637
359.6807
25.8294
0.8675311
16.70503
0.03077238
284.9232
359.6959
25.85484
0.8675447
16.69153
0.02040899
284.7503
359.712
25.85484
0.8675447
16.69153
0.02040899
284.7503
359.712
25.87901
0.867525
16.67755
0.006254599
284.5426
359.7315
25.90233
0.8675742
16.66286
-0.003484917
284.3198
359.7529
25.91372
0.867597
16.65562
359.9922
284.1939
359.7724
25.93646
0.8676929
16.64075
359.9907
283.962
359.8203
25.95931
0.8678063
16.62601
-0.004191215
283.7128
359.8645
25.97132
0.867934
16.61832
0.006727683
283.5866
359.8744
25.98328
0.8679534
16.61072
0.01339587
283.4568
359.8903
26.0074
0.8679328
16.59555
0.02557334
283.1975
359.9234
26.03282
0.8678943
16.57988
0.04331395
282.9285
359.9414
26.03282
0.8678943
16.57988
0.04331395
282.9285
359.9414
26.05976
0.8679075
16.56371
0.06821948
282.6395
359.9405
26.08802
0.867831
16.54689
0.09091517
282.3495
359.9384
26.11751
0.867702
16.52967
0.1095547
282.0421
359.9361
26.13264
0.8675854
16.5209
0.11516
281.8856
359.9393
26.16413
0.8674613
16.50282
0.1300324
281.5695
359.9378
26.1802
0.8673602
16.49377
0.1334306
281.402
359.9415
26.19676
0.8673112
16.48453
0.1391681
281.2281
359.9386
26.23067
0.8672302
16.4658
0.1477181
280.8727
359.934
26.26534
0.8670675
16.44678
0.1465614
280.5186
359.9459
26.26534
0.8670675
16.44678
0.1465614
280.5186
359.9459
26.30176
0.8670788
16.42712
0.153076
280.1548
359.9431
26.33923
0.867063
16.40731
0.1549237
279.7758
359.9449
26.378
0.8670256
16.38716
0.1541448
279.3845
359.9486
26.39788
0.86703
16.37692
0.1542951
279.1873
359.9492
26.4385
0.8670424
16.35632
0.1533001
278.7845
359.9529
26.45937
0.8670599
16.34596
0.1534325
278.5717
359.9517
26.48061
0.8670858
16.33548
0.1542378
278.3555
359.9487
26.52365
0.8671002
16.31441
0.1516523
277.9294
359.9532
26.56787
0.8670816
16.29316
0.1473852
277.4938
359.9614
26.56787
0.8670816
16.29316
0.1473852
277.4938
359.9614
26.61326
0.8670772
16.27189
0.1434926
277.0414
359.9681
26.65953
0.8670626
16.25072
0.137637
276.572
359.9767
26.70646
0.8670933
16.22964
0.1318408
276.1028
359.9849
26.72995
0.8670626
16.21927
0.1253989
275.8644
359.9936
26.77829
0.8671218
16.19932
0.1222932
275.3944
0.03581516
26.80309
0.8671942
16.18997
0.1244873
275.1708
0.07303411
26.82801
0.867204
16.18118
0.1235113
274.9416
0.1097835
26.87867
0.8671823
16.16553
0.1204027
274.5179
0.2108675
26.93064
0.867206
16.15212
0.121443
274.1329
0.296458
26.95712
0.8672361
16.14633
0.1233791
273.9595
0.3380538
26.98357
0.867213
16.14113
0.121505
273.7925
0.3698269
27.03716
0.8671904
16.13262
0.1184756
273.5061
0.4321785
27.09106
0.8671341
16.12661
0.1106946
273.2773
0.4814756
27.09106
0.8671341
16.12661
0.1106946
273.2773
0.4814756
27.14536
0.8671303
16.12285
0.1035028
273.1214
0.5159265
27.19958
0.8671077
16.12056
0.09249499
273.0147
0.5022862
27.25398
0.8671443
16.11895
0.08400424
272.9473
0.4468759
27.25398
0.8671443
16.11895
0.08400424
272.9473
0.4468759
27.33556
0.8671947
16.11709
0.07147336
272.8858
0.3274422
27.36273
0.8672111
16.1165
0.06774753
272.8722
0.2858137
27.3899
0.8672272
16.11588
0.06434501
272.861
0.2455248
27.44416
0.8671964
16.11456
0.05569657
272.8437
0.1721788
27.49825
0.8671561
16.11295
0.04733276
272.8383
0.1113937
27.49825
0.8671561
16.11295
0.04733276
272.8383
0.1113937
27.58143
0.8673027
16.11013
0.05805038
272.8277
0.04564707
27.60969
0.8673464
16.10902
0.06444637
272.8284
0.03016995
27.66669
0.8673586
16.10677
0.07510908
272.8202
0.006897313
27.66669
0.8673586
16.10677
0.07510908
272.8202
0.006897313
27.72507
0.8673347
16.10419
0.08827723
272.8199
359.9925
27.78543
0.8673726
16.10154
0.1088982
272.81
359.9851
27.81622
0.8673557
16.1001
0.1181276
272.809
359.9832
27.87936
0.8672879
16.09707
0.1360705
272.8074
359.9817
27.94446
0.8671917
16.09396
0.1517269
272.8007
359.9829
27.97805
0.8672107
16.09225
0.1632881
272.8051
359.984
28.01223
0.8672383
16.09062
0.1749458
272.8007
359.9856
28.08146
0.8670801
16.08722
0.1827093
272.7985
359.9885
28.1536
0.8671398
16.08371
0.2008163
272.793
359.9914
28.1536
0.8671398
16.08371
0.2008163
272.793
359.9914
28.22766
0.8670971
16.07996
0.2097901
272.7984
359.9939
28.30366
0.8670338
16.07621
0.212957
272.798
-0.003789307
28.382
0.8670297
16.07246
0.2166959
272.7895
-0.00196408
28.42189
0.8670119
16.07041
0.2164474
272.7955
-0.001504813
28.50321
0.867001
16.0664
0.2150946
272.797
-0.0003964739
28.5444
0.8669573
16.06438
0.2106308
272.7973
0.0001791403
28.58639
0.8669754
16.06227
0.2101639
272.8015
0.000526415
28.6718
0.8669967
16.05806
0.207394
272.8046
0.001048688
28.75882
0.8669603
16.05373
0.1992847
272.8111
0.001159998
28.75882
0.8669603
16.05373
0.1992847
272.8111
0.001159998
28.89286
0.8670456
16.0471
0.1926977
272.8176
0.0007287666
28.9385
0.8671032
16.04491
0.19233
272.8143
0.0006972501
28.98418
0.8670841
16.04274
0.1866313
272.8092
0.0003794977
29.07591
0.8669641
16.03825
0.1673484
272.8085
-0.0001261456
29.1685
0.8669479
16.0337
0.150657
272.8092
-0.000396119
29.21496
0.8669319
16.03144
0.1410694
272.8082
-0.00043688
29.26158
0.8669432
16.02916
0.1326335
272.8072
-0.0004139145
29.35499
0.866973
16.0246
0.1153984
272.8055
-0.0003361607
29.44846
0.8670107
16.02002
0.09810725
272.8055
-0.0001948074
29.44846
0.8670107
16.02002
0.09810725
272.8055
-0.0001948074
29.54189
0.8670558
16.01544
0.08187205
272.8055
-9.341494E-05
29.63527
0.8671069
16.01086
0.06783999
272.8055
-2.204805E-05
29.68194
0.8671324
16.00858
0.06181469
272.8055
2.214477E-06
29.77524
0.8671789
16.004
0.05184917
272.8055
3.410093E-05
29.86848
0.8672157
15.99943
0.04457951
272.8055
5.134983E-05
29.91508
0.8672293
15.99715
0.0418767
272.8055
5.493334E-05
29.96167
0.8672397
15.99487
0.03973763
272.8055
5.693271E-05
30.05481
0.8672512
15.9903
0.03695897
272.8055
5.257379E-05
30.1479
0.8672512
15.98574
0.0358208
272.8055
4.702259E-05
30.1479
0.8672512
15.98574
0.0358208
272.8055
4.702259E-05
30.23815
0.8670086
15.98132
0.009846333
272.8055
3.797292E-05
30.31971
0.8665729
15.97732
359.9334
272.8055
2.882822E-05
30.35715
0.8664139
15.97548
359.8859
272.8055
2.45327E-05
30.42525
0.8662902
15.97215
359.7845
272.8055
1.76559E-05
30.4843
0.8664061
15.96925
359.6857
272.8055
1.215312E-05
30.4843
0.8664061
15.96925
359.6857
272.8055
1.215312E-05
30.53433
0.866681
15.9668
359.5973
272.8055
6.937082E-06
30.57536
0.8670233
15.96479
359.5234
272.8055
3.17508E-06
30.60744
0.8673803
15.96322
359.4655
272.8055
2.801567E-06
30.62013
0.8675618
15.9626
359.4422
272.8055
1.040586E-06
30.63885
0.8679201
15.96168
359.4058
272.8055
-9.872288E-07
30.64487
0.8680906
15.96139
359.3917
272.8055
-2.374692E-06
30.64878
0.8682864
15.96119
359.382
272.8055
-2.881654E-06
30.64922
0.8685079
15.96117
359.3577
272.8053
7.620408E-05
30.6484
0.8693687
15.96121
359.4111
272.8053
9.34131E-05
30.6484
0.8693687
15.96121
359.4111
272.8053
9.34131E-05
30.64707
0.8699716
15.96128
359.4966
272.8053
9.866803E-05
30.64556
0.8702129
15.96135
359.595
272.8053
9.265009E-05
30.64478
0.8702116
15.96139
359.645
272.8053
8.695317E-05
30.6433
0.8700287
15.96146
359.7411
272.8053
7.007685E-05
30.64197
0.8696972
15.96153
359.8273
272.8053
5.47218E-05
30.64197
0.8696972
15.96153
359.8273
272.8053
5.47218E-05
30.64085
0.8693141
15.96158
359.9003
272.8053
3.677903E-05
30.63996
0.8689512
15.96163
359.9585
272.8053
1.955342E-05
30.63929
0.8686528
15.96166
0.001838371
272.8052
7.264372E-06
30.63904
0.8685351
15.96167
0.01828482
272.8052
2.936514E-06
30.63868
0.8683673
15.96169
0.04169337
272.8052
-4.030413E-06
30.63857
0.8683164
15.96169
0.04915339
272.8052
-5.681265E-06
30.63849
0.8682858
15.9617
0.05414847
272.8052
-7.44551E-06
30.63843
0.8682784
15.9617
0.05788331
272.8052
-6.966929E-06
30.63847
0.8683276
15.9617
0.05514674
272.8052
-5.427802E-06
30.63852
0.8683674
15.9617
0.05202094
272.8052
-5.797992E-06
30.63865
0.868466
15.96169
0.04347272
272.8052
-4.222178E-06
30.6382
0.8684552
15.96171
0.03260802
272.8052
-3.823639E-06
30.63816
0.8685492
15.96171
0.02859347
272.8055
-1.374876E-05
30.63754
0.8686452
15.96172
0.0142432
272.8073
0.0001710449
30.63632
0.8687341
15.9618
-0.001390651
272.8056
6.14765E-06
30.63517
0.868744
15.96186
359.9879
272.8052
-8.692816E-06
30.6321
0.8687702
15.96212
359.9672
272.7968
-0.0001245659
30.63021
0.8688184
15.96215
359.9594
272.8015
-0.0002705029
30.628
0.8688383
15.96238
359.9508
272.792
-0.0001063299
30.62171
0.8687974
15.9626
359.9273
272.7976
-0.0003797561
30.61398
0.868875
15.96295
359.9131
272.8001
-0.0001230769
30.61398
0.868875
15.96295
359.9131
272.8001
-0.0001230769
30.60429
0.8688915
15.96339
359.899
272.8028
0.0001540497
30.59243
0.8688254
15.96384
359.8836
272.8132
0.0004263407
30.58562
0.8687661
15.96416
359.8755
272.8147
0.0005308617
30.57043
0.8687497
15.96503
359.8664
272.805
0.0001975824
30.55264
0.8686199
15.96578
359.8542
272.8146
9.066037E-05
30.55264
0.8686199
15.96578
359.8542
272.8146
9.066037E-05
30.53281
0.8685508
15.96694
359.8493
272.8
-0.0001909792
30.5109
0.8685088
15.96796
359.8502
272.8038
-0.0003374885
30.4994
0.8685248
15.96856
359.855
272.8009
-0.0002663115
30.47439
0.8684025
15.96975
359.8575
272.8029
-2.534648E-05
30.44722
0.8682564
15.97097
359.8605
272.8125
0.0004968577
30.44722
0.8682564
15.97097
359.8605
272.8125
0.0004968577
30.41759
0.8681025
15.97251
359.8623
272.8061
2.503298E-05
30.38598
0.8679401
15.97408
359.8655
272.8036
-0.0004503735
30.35216
0.8678318
15.97587
359.8708
272.7924
-0.0007813917
30.33463
0.8678267
15.97669
359.8767
272.7942
-0.0008936627
30.29773
0.8677207
15.97841
359.8831
272.7989
-0.00046983
30.27858
0.8676721
15.97935
359.8869
272.7988
-6.466014E-05
30.25881
0.8676096
15.98035
359.8895
272.7963
1.890979E-06
30.21769
0.8674386
15.98241
359.8919
272.7909
-0.0005247982
30.1744
0.8673377
15.98464
359.8955
272.7797
-0.0008981013
30.1744
0.8673377
15.98464
359.8955
272.7797
-0.0008981013
30.10576
0.8673004
15.98804
359.9046
272.772
-0.0008406513
30.08183
0.867265
15.98912
359.9059
272.7776
-0.0006560626
30.05739
0.8672383
15.99035
359.9072
272.7738
-0.0003787625
30.00671
0.8671798
15.9929
359.907
272.765
-0.0004404511
29.95373
0.8671055
15.99541
359.9037
272.7677
-0.0003864898
29.95373
0.8671055
15.99541
359.9037
272.7677
-0.0003864898
29.87074
0.8671622
15.99945
359.907
272.7656
0.0001815305
29.84176
0.8671216
16.00087
359.9038
272.7643
0.000172209
29.81225
0.8670916
16.0023
359.901
272.7635
0.00012239
29.75236
0.867188
16.00518
359.9063
272.7635
-0.0001531959
29.69062
0.8672314
16.00827
359.9103
272.7554
-3.265021E-05
29.69062
0.8672314
16.00827
359.9103
272.7554
-3.265021E-05
29.62698
0.8672827
16.01131
359.9153
272.7574
-0.0002013641
29.56069
0.8672163
16.01437
359.9111
272.7679
8.222584E-05
29.492
0.8671198
16.01761
359.9034
272.7742
0.0005516052
29.45674
0.8670912
16.01933
359.8996
272.774
0.0006454505
29.38534
0.8671858
16.02268
359.9031
272.7826
0.0007974791
29.34851
0.8671475
16.02447
359.8996
272.7825
0.0009714958
29.31146
0.8671645
16.02618
359.9002
272.7901
0.001033351
29.23534
0.867144
16.02993
359.8969
272.7873
0.001176002
29.15754
0.8672117
16.03365
359.9006
272.7937
0.001122221
29.11817
0.8672752
16.03556
359.9056
272.7945
0.00111597
29.0371
0.8672379
16.03958
359.9043
272.7908
0.0009380785
28.9956
0.8671875
16.04163
359.9012
272.7891
0.000717998
28.95398
0.8672147
16.04361
359.9037
272.7929
0.0005597428
28.86879
0.8672097
16.04775
359.9038
272.7949
0.0005323019
28.78184
0.867256
16.05196
359.908
272.798
0.0006018043
28.73722
0.8672082
16.05413
359.9049
272.7993
0.0005284032
28.64724
0.8672647
16.05857
359.9096
272.7961
0.0002722941
28.60136
0.8672616
16.06076
359.9099
272.8008
0.0002227585
28.55494
0.8672457
16.06298
359.9095
272.8047
0.0002719573
28.46051
0.8672253
16.06765
359.9086
272.8012
0.0002948791
28.36397
0.8672196
16.0724
359.908
272.7996
6.996283E-05
28.36397
0.8672196
16.0724
359.908
272.7996
6.996283E-05
28.21537
0.8672155
16.0796
359.9077
272.8048
8.13187E-05
28.16507
0.867245
16.08201
359.9104
272.809
0.000188274
28.11448
0.8672822
16.08452
359.9146
272.8072
0.0002996515
28.01264
0.8673744
16.08952
359.9277
272.8067
0.0003634011
27.96125
0.8673854
16.09205
359.9335
272.8059
0.0003317113
27.85795
0.8674111
16.09712
359.9478
272.8058
0.0002251612
27.754
0.8674178
16.10222
359.9634
272.8054
0.0001342526
27.70181
0.8674109
16.10478
359.9712
272.805
9.621296E-05
27.64952
0.867397
16.10735
359.9788
272.8048
5.916552E-05
27.54485
0.8673803
16.11248
-0.004480889
272.8046
-1.273073E-05
27.44006
0.8673334
16.11762
0.0107563
272.8044
-6.465876E-05
27.44006
0.8673334
16.11762
0.0107563
272.8044
-6.465876E-05
27.33531
0.8672886
16.12275
0.02536518
272.8043
-9.48314E-05
27.23069
0.8672544
16.12643
0.039495
272.7743
359.9376
27.17843
0.8672341
16.12777
0.04573657
272.7469
359.9057
27.07427
0.8672111
16.12829
0.059004
272.6434
359.7959
26.97084
0.8671873
16.12534
0.07305059
272.4615
359.6513
26.97084
0.8671873
16.12534
0.07305059
272.4615
359.6513
26.8686
0.8671753
16.1187
0.08961413
272.1922
359.5105
26.76788
0.8671455
16.10811
0.1075136
271.8193
359.3752
26.66955
0.8671456
16.09309
0.1317175
271.347
359.2539
26.66955
0.8671456
16.09309
0.1317175
271.347
359.2539
26.57426
0.8671689
16.0738
0.1623645
270.7832
359.1654
26.48228
0.867167
16.0506
0.195282
270.1388
359.1189
26.43743
0.8671472
16.03783
0.2104337
269.794
359.1196
26.34977
0.86708
16.01048
0.2355484
269.0749
359.1664
26.26428
0.8669775
15.9816
0.2500931
268.3309
359.2645
26.2222
0.8669196
15.96676
0.253088
267.9529
359.3221
26.18057
0.866872
15.95173
0.2541136
267.572
359.3824
26.09852
0.866818
15.92122
0.2513727
266.8052
359.5018
26.01813
0.866826
15.89031
0.2448402
266.0329
359.6115
25.97848
0.866834
15.87472
0.2396127
265.6469
359.6589
25.90019
0.8668661
15.84328
0.2268022
264.8767
359.7383
25.86155
0.8668901
15.82744
0.2197153
264.4929
359.7704
25.82325
0.8669188
15.81152
0.2124579
264.1101
359.7978
25.74762
0.8669857
15.77942
0.1980451
263.3487
359.8401
25.67329
0.8670582
15.74696
0.1845932
262.5934
359.8683
25.67329
0.8670582
15.74696
0.1845932
262.5934
359.8683
25.56421
0.8671598
15.69755
0.1675492
261.4736
359.8918
25.5285
0.867189
15.68088
0.1628628
261.1042
359.8961
25.4931
0.867215
15.66411
0.1586956
260.7368
359.8992
25.42328
0.8672571
15.63026
0.1518818
260.0082
359.9026
25.35474
0.867285
15.596
0.146957
259.288
359.9038
25.35474
0.867285
15.596
0.146957
259.288
359.9038
25.28749
0.8673003
15.56136
0.1436693
258.5766
359.904
25.22152
0.8673044
15.52634
0.1417153
257.874
359.904
25.18901
0.8673031
15.5087
0.1411413
257.5261
359.9041
25.12495
0.8672954
15.47317
0.1405914
256.8369
359.9047
25.06216
0.8672827
15.43733
0.1406057
256.1568
359.9058
25.03123
0.8672754
15.41931
0.1407454
255.8201
359.9065
25.00062
0.8672676
15.40122
0.1409381
255.4857
359.9074
24.94033
0.8672519
15.36486
0.1413817
254.8235
359.9097
24.88128
0.8672371
15.32828
0.1417821
254.1702
359.9124
24.85221
0.8672303
15.30993
0.1419352
253.8469
359.9138
24.79498
0.8672186
15.27309
0.1421008
253.2068
359.917
24.79498
0.8672186
15.27309
0.1421008
253.2068
359.917
24.73895
0.867209
15.23612
0.1420428
252.5755
359.9204
24.68411
0.8672024
15.19904
0.1417606
251.9529
359.9239
24.63044
0.867198
15.16189
0.1412599
251.3388
359.9274
24.60404
0.8671964
15.14328
0.1409358
251.035
359.9292
24.55209
0.8671952
15.10606
0.140164
250.4337
359.9328
24.52654
0.8671955
15.08743
0.1397253
250.1363
359.9345
24.50127
0.8671955
15.06881
0.1392586
249.8409
359.9363
24.45157
0.8671969
15.03158
0.1382526
249.2565
359.9397
24.40296
0.8671991
14.99438
0.1371885
248.6805
359.9431
24.37907
0.8672001
14.9758
0.1366436
248.3956
359.9447
24.33208
0.8672028
14.93868
0.1355425
247.8319
359.948
24.30898
0.8672038
14.92016
0.1349891
247.5532
359.9495
24.28614
0.8672051
14.90166
0.1344386
247.2765
359.9511
24.24125
0.8672073
14.86474
0.1333588
246.7293
359.9541
24.19738
0.8672092
14.82795
0.132309
246.1901
359.957
24.17583
0.86721
14.8096
0.1317972
245.9236
359.9585
24.13346
0.8672115
14.77303
0.1308019
245.3965
359.9613
24.13346
0.8672115
14.77303
0.1308019
245.3965
359.9613
24.09208
0.8672123
14.73663
0.1298261
244.8774
359.964
24.05166
0.8672127
14.70042
0.128873
244.3662
359.9666
24.0122
0.8672131
14.6644
0.1279464
243.8629
359.9692
23.99281
0.8672135
14.64648
0.1274989
243.6142
359.9705
23.95474
0.8672138
14.6108
0.1266305
243.1226
359.973
23.95474
0.8672138
14.6108
0.1266305
243.1226
359.973
23.91757
0.8672143
14.57536
0.1257889
242.6387
359.9755
23.8813
0.8672144
14.54018
0.1249584
242.1626
359.978
23.86349
0.8672147
14.52269
0.1245494
241.9274
359.9792
23.82852
0.8672145
14.48791
0.1237339
241.4627
359.9815
23.7944
0.8672147
14.45342
0.1229246
241.0056
359.9838
23.7944
0.8672147
14.45342
0.1229246
241.0056
359.9838
23.76112
0.8672147
14.41923
0.1221181
240.5559
359.9859
23.72865
0.8672149
14.38535
0.1213164
240.1137
359.988
23.71272
0.867215
14.36853
0.1209158
239.8954
359.989
23.68145
0.867215
14.33513
0.1201158
239.4642
359.991
23.65096
0.8672152
14.30206
0.1193201
239.0404
359.993
23.65096
0.8672152
14.30206
0.1193201
239.0404
359.993
23.62123
0.8672155
14.26934
0.1185258
238.6237
-0.005213653
23.59226
0.8672158
14.23697
0.1177355
238.2142
-0.003436463
23.57804
0.8672161
14.22092
0.1173431
238.0121
-0.002572558
23.55016
0.8672162
14.18908
0.116559
237.6133
-0.0008869625
23.52298
0.8672165
14.15762
0.115782
237.2214
0.0007383855
23.52298
0.8672165
14.15762
0.115782
237.2214
0.0007383855
23.48352
0.8672173
14.11113
0.1146236
236.6466
0.003070426
23.47071
0.8672172
14.09582
0.114241
236.4585
0.003818749
23.45806
0.8672174
14.08061
0.1138584
236.272
0.004555141
23.43325
0.8672177
14.05048
0.1130924
235.9041
0.005985668
23.40909
0.8672179
14.02075
0.1123198
235.543
0.007361871
23.40909
0.8672179
14.02075
0.1123198
235.543
0.007361871
23.37403
0.8672242
13.9769
0.1111423
235.0136
0.009315318
23.36265
0.8672287
13.96248
0.110711
234.8405
0.009933282
23.35142
0.8672351
13.94816
0.1102497
234.6689
0.01053411
23.32941
0.8672515
13.91984
0.1092073
234.3307
0.01169942
23.30799
0.8672727
13.89193
0.1079831
233.9989
0.01281331
23.29749
0.8672849
13.87813
0.1072995
233.8354
0.01335489
23.27692
0.8673117
13.85083
0.1058063
233.5131
0.01440244
23.26684
0.8673262
13.83734
0.1050045
233.3543
0.01490982
23.2569
0.8673412
13.82396
0.1041605
233.197
0.0154088
23.23703
0.8672748
13.79698
0.09482779
232.8806
0.002427442
23.21736
0.8672187
13.76974
0.08290489
232.5698
359.9864
23.20755
0.8672271
13.75606
0.07775749
232.412
359.9803
23.18822
0.867278
13.72887
0.07072353
232.0961
359.9745
23.18822
0.867278
13.72887
0.07072353
232.0961
359.9745
23.16867
0.8672437
13.70077
0.05628183
231.7832
359.956
23.14925
0.8673289
13.67272
0.04961653
231.4561
359.952
23.12942
0.8673196
13.64349
0.03618389
231.1356
359.9402
23.1193
0.8673224
13.62851
0.0292902
230.9694
359.9335
23.09856
0.8672476
13.59751
0.01063953
230.6262
359.91
23.09856
0.8672476
13.59751
0.01063953
230.6262
359.91
23.07765
0.867283
13.56577
0.0007977848
230.2756
359.9001
23.05651
0.867331
13.533
-0.005182859
229.9292
359.898
23.04589
0.8673717
13.51647
-0.005270938
229.7493
359.8995
23.02428
0.8673266
13.48254
359.9898
229.3811
359.8915
23.003
0.867382
13.44855
-0.003318008
229.0141
359.9003
23.003
0.867382
13.44855
-0.003318008
229.0141
359.9003
22.97184
0.8674806
13.39809
0.02024918
228.4532
359.9272
22.96182
0.867524
13.38153
0.03178655
228.2741
359.9418
22.95167
0.8674558
13.3646
0.03632252
228.0961
359.9447
22.9318
0.8673638
13.3313
0.04933516
227.7376
359.9551
22.91248
0.8673121
13.29861
0.06486385
227.3756
359.9671
22.90303
0.8672888
13.28245
0.07233547
227.1972
359.973
22.88457
0.8672392
13.25049
0.08552397
226.8453
359.9835
22.87555
0.8672158
13.2347
0.0911048
226.6718
359.988
22.86666
0.8671948
13.21904
0.09597588
226.4999
359.992
22.84927
0.8671629
13.18811
0.1035294
226.1608
-0.001353874
22.8324
0.8671475
13.15769
0.1082974
225.8278
0.003496886
22.82416
0.8671468
13.14267
0.1097386
225.6636
0.005360631
22.80804
0.8671575
13.11302
0.1109936
225.3396
0.008241192
22.80016
0.8671688
13.09838
0.1109209
225.1798
0.009339936
22.7924
0.8671837
13.08387
0.1104522
225.0214
0.01021453
22.77723
0.8672217
13.05521
0.1085573
224.709
0.01155747
22.76254
0.86726
13.02685
0.1048464
224.4159
0.0142902
22.75526
0.8672735
13.01262
0.101087
224.273
0.01305575
22.74088
0.8673166
12.98461
0.09458858
223.9803
0.01170889
22.74088
0.8673166
12.98461
0.09458858
223.9803
0.01170889
22.71942
0.8673131
12.94208
0.07610784
223.5464
-0.005313166
22.71219
0.8673289
12.9278
0.06979147
223.3895
359.9868
22.70498
0.8673192
12.91315
0.06118508
223.2432
359.9773
22.69074
0.8674293
12.88416
0.05349896
222.9431
359.9734
22.67649
0.8674544
12.85481
0.04365665
222.6371
359.9632
22.67649
0.8674544
12.85481
0.04365665
222.6371
359.9632
22.65601
0.8675666
12.81113
0.04224148
222.2129
359.9712
22.6493
0.8675973
12.79669
0.04347083
222.0725
359.9756
22.64266
0.8676333
12.78251
0.04653684
221.9252
359.9809
22.62951
0.8676071
12.75422
0.04903367
221.6262
359.9805
22.61689
0.8676346
12.72662
0.0572659
221.3306
359.9873
22.61689
0.8676346
12.72662
0.0572659
221.3306
359.9873
22.59876
0.8676335
12.6861
0.06888371
220.9009
-0.002444744
22.59292
0.8676249
12.67283
0.07211629
220.7609
0.0005685803
22.58716
0.8676152
12.65969
0.07499081
220.6223
0.003327607
22.57588
0.8675786
12.63346
0.07725244
220.3572
0.006356537
22.565
0.8675873
12.60774
0.08032414
220.1039
0.01252932
22.55966
0.867609
12.59516
0.082492
219.9766
0.01831224
22.54858
0.867506
12.56899
0.07167759
219.7117
0.002913845
22.54858
0.867506
12.56899
0.07167759
219.7117
0.002913845
22.53751
0.8674997
12.54242
0.06129558
219.4486
359.9914
22.52611
0.8673989
12.51482
0.041673
219.1725
359.9634
22.51474
0.8674533
12.48674
0.02952952
218.8946
359.9518
22.50895
0.8674893
12.47244
0.02409043
218.7488
359.9474
22.49709
0.8674514
12.44245
0.005805556
218.4558
359.9245
22.49105
0.8674901
12.42701
-0.0004925107
218.3041
359.9183
22.48485
0.8674766
12.41121
359.991
218.1438
359.9077
22.47227
0.8674649
12.37852
359.9763
217.8158
359.8884
22.46587
0.8674711
12.36164
359.9706
217.6468
359.8806
22.45303
0.8674396
12.32689
359.9608
217.3098
359.8678
22.43984
0.8674215
12.29063
359.9542
216.9548
359.8578
22.43984
0.8674215
12.29063
359.9542
216.9548
359.8578
22.41994
0.867455
12.23413
359.9565
216.4089
359.8593
22.41314
0.8674214
12.2146
359.9561
216.2175
359.8567
22.40637
0.8673984
12.19471
359.9568
216.0295
359.8553
22.39271
0.8674324
12.1544
359.9644
215.6375
359.8643
22.37882
0.8673518
12.11247
359.9658
215.2373
359.8609
22.37175
0.8672884
12.09098
359.965
215.0277
359.8557
22.35776
0.8672812
12.04736
359.9706
214.6067
359.8556
22.35776
0.8672812
12.04736
359.9706
214.6067
359.8556
22.34357
0.8672126
12.00217
359.9712
214.1697
359.8484
22.32962
0.8672549
11.95622
359.9793
213.7305
359.8536
22.32267
0.8672534
11.93273
359.982
213.5128
359.8564
22.3085
0.8671229
11.88427
359.9775
213.0565
359.8424
22.29437
0.8670883
11.83446
359.976
212.583
359.832
22.28735
0.8670708
11.80904
359.975
212.3431
359.8272
22.27358
0.8671094
11.75752
359.9784
211.8645
359.8273
22.26678
0.8671387
11.73136
359.9809
211.6226
359.829
22.25994
0.8671713
11.705
359.9839
211.3695
359.8313
22.24642
0.8671768
11.6512
359.9865
210.8684
359.8331
22.23973
0.8672144
11.62406
359.9903
210.611
359.8371
22.22635
0.8671439
11.56815
359.9872
210.0857
359.8271
22.21333
0.8671621
11.51137
359.9897
209.5519
359.8262
22.21333
0.8671621
11.51137
359.9897
209.5519
359.8262
22.19433
0.8671771
11.42363
359.9913
208.7431
359.8249
22.18817
0.8672189
11.39411
-0.004832102
208.4668
359.8295
22.18204
0.8671913
11.3639
359.9939
208.1884
359.8248
22.17002
0.8671937
11.30297
-0.004501178
207.6149
359.8213
22.15849
0.8672521
11.24118
0.001076992
207.0397
359.8261
22.15849
0.8672521
11.24118
0.001076992
207.0397
359.8261
22.14714
0.8671673
11.1777
-0.002974811
206.4397
359.8129
22.13645
0.8671477
11.11307
-0.003913755
205.8461
359.807
22.1312
0.8671082
11.08006
359.9928
205.54
359.7991
22.12119
0.8671564
11.01374
-0.004616254
204.92
359.7973
22.11174
0.8671356
10.9459
359.9937
204.2915
359.7884
22.11174
0.8671356
10.9459
359.9937
204.2915
359.7884
22.10288
0.867196
10.87726
-0.002185734
203.651
359.7902
22.09467
0.8671387
10.8069
-0.005457248
203.0058
359.7805
22.09086
0.867144
10.77139
-0.004832285
202.684
359.7794
22.08363
0.8671906
10.69967
-0.001160498
202.0201
359.7804
22.07716
0.8671799
10.62662
-0.0005059342
201.3479
359.7746
22.07716
0.8671799
10.62662
-0.0005059342
201.3479
359.7746
22.06892
0.8671637
10.51513
0.001809146
200.3205
359.769
22.06656
0.8671907
10.47757
0.00464036
199.9736
359.7712
22.06448
0.8672138
10.43966
0.007031213
199.6314
359.7737
22.06065
0.8672143
10.36314
0.009656888
198.9208
359.7743
22.05909
0.8671598
10.32414
0.006720673
198.5629
359.7661
22.05663
0.8671197
10.24564
0.00514559
197.8354
359.7551
22.05518
0.8671302
10.16611
0.006076594
197.0991
359.7484
22.05518
0.8671302
10.16611
0.006076594
197.0991
359.7484
22.05493
0.867157
10.04494
0.008943003
195.9776
359.7426
22.0548
0.8671114
10.00375
0.005107299
195.6098
359.7676
22.05444
0.8670741
9.962196
0.0004653867
195.2433
359.7989
22.05187
0.8670518
9.878124
359.99
194.552
359.9254
22.05
0.8670478
9.835537
359.9843
194.2132
359.9763
22.04413
0.8671224
9.749717
359.9767
193.5684
0.1084319
22.04065
0.8671592
9.70637
359.9736
193.2673
0.1554625
22.03655
0.8671735
9.662729
359.9696
192.9827
0.2061661
22.01954
0.8673079
9.531582
359.9698
192.2353
0.3736345
22.01262
0.8673401
9.487637
359.9713
192.0283
0.4201269
22.00524
0.8673368
9.443468
359.9716
191.8461
0.4525126
21.98819
0.8673253
9.355449
359.9766
191.5544
0.5274936
21.9695
0.8673558
9.267784
359.9887
191.3382
0.5415266
21.95986
0.867399
9.224156
-0.001887877
191.251
0.5252374
21.9402
0.867368
9.136724
0.01151014
191.104
0.460555
21.9402
0.867368
9.136724
0.01151014
191.104
0.460555
21.91075
0.8672862
9.005657
0.02968734
190.9472
0.3265083
21.90115
0.867296
8.962134
0.03764274
190.9118
0.2806853
21.89163
0.8672993
8.918609
0.04481628
190.8809
0.2368358
21.87288
0.8672683
8.831555
0.05571588
190.8308
0.1581957
21.85593
0.8672312
8.744373
0.06418855
190.7635
0.03423853
21.84807
0.8672094
8.700736
0.06733464
190.7216
359.9784
21.83482
0.8671898
8.613503
0.07477805
190.5943
359.8292
21.83482
0.8671898
8.613503
0.07477805
190.5943
359.8292
21.82175
0.8671653
8.48319
0.08842275
190.2735
359.5981
21.82175
0.8671653
8.48319
0.08842275
190.2735
359.5981
21.81704
0.8671784
8.397152
0.100795
189.9693
359.4894
21.81616
0.8671458
8.312026
0.1134434
189.5803
359.3838
21.81946
0.867221
8.229044
0.138073
189.1201
359.305
21.81946
0.867221
8.229044
0.138073
189.1201
359.305
21.83194
0.8672063
8.108777
0.1774269
188.2824
359.2262
21.83759
0.8671766
8.069788
0.1891139
187.9773
359.2314
21.8438
0.867159
8.031373
0.2006371
187.6675
359.2561
21.85729
0.8670785
7.955745
0.2159443
187.0307
359.3409
21.87181
0.8669788
7.881567
0.2218215
186.3818
359.4493
21.87181
0.8669788
7.881567
0.2218215
186.3818
359.4493
21.89479
0.8668783
7.772761
0.2178485
185.4015
359.6138
21.90267
0.8668647
7.73711
0.2141539
185.075
359.6631
21.91064
0.8668607
7.701756
0.2096383
184.7491
359.7083
21.92681
0.8668791
7.631916
0.1989627
184.1003
359.7852
21.94326
0.8669231
7.563207
0.1871878
183.4564
359.8441
21.9516
0.8669513
7.529268
0.1812322
183.1366
359.8672
21.96848
0.8670139
7.462207
0.1697273
182.5019
359.9026
21.96848
0.8670139
7.462207
0.1697273
182.5019
359.9026
21.98567
0.8670779
7.396224
0.1592775
181.8741
359.9259
22.00319
0.8671361
7.33131
0.1502918
181.2535
359.9401
22.01207
0.8671618
7.299252
0.1464097
180.9461
359.9446
22.03011
0.8672048
7.235929
0.1399119
180.3371
359.9501
22.0485
0.8672357
7.173663
0.1350362
179.7362
359.9523
22.05783
0.8672467
7.142925
0.13316
179.4388
359.9527
22.07674
0.8672603
7.082238
0.1303888
178.8502
359.9526
22.07674
0.8672603
7.082238
0.1303888
178.8502
359.9526
22.10575
0.8672639
6.993176
0.1282232
177.9829
359.9519
22.11558
0.8672615
6.964012
0.1279004
177.698
359.9518
22.12548
0.8672578
6.935109
0.1277208
177.4152
359.9518
22.14551
0.8672477
6.878081
0.1276975
176.8559
359.9521
22.15563
0.8672417
6.849956
0.1277961
176.5794
359.9524
22.17605
0.8672287
6.794477
0.1280969
176.0326
359.9535
22.19671
0.867216
6.740023
0.1284225
175.4941
359.9551
22.19671
0.867216
6.740023
0.1284225
175.4941
359.9551
22.22808
0.8671988
6.66024
0.128706
174.7016
359.9582
22.23863
0.8671938
6.634148
0.1287127
174.4415
359.9593
22.24922
0.8671893
6.608304
0.1286777
174.1834
359.9605
22.2705
0.8671823
6.557359
0.1284675
173.6733
359.963
22.28119
0.8671799
6.532254
0.1282932
173.4212
359.9644
22.30266
0.8671761
6.482774
0.1278038
172.923
359.967
22.32422
0.8671743
6.434256
0.1271569
172.4327
359.9697
22.33503
0.8671738
6.410354
0.1267773
172.1904
359.9711
22.35669
0.8671741
6.363259
0.125945
171.7118
359.9737
22.35669
0.8671741
6.363259
0.125945
171.7118
359.9737
22.38926
0.8671759
6.294363
0.1245448
171.0083
359.9774
22.40013
0.8671769
6.271858
0.1240549
170.7776
359.9786
22.411
0.8671778
6.24958
0.1235631
170.5488
359.9798
22.43275
0.8671799
6.205702
0.1225633
170.0969
359.9821
22.45448
0.867182
6.162716
0.1215695
169.6525
359.9843
22.46534
0.867183
6.141554
0.1210764
169.4331
359.9854
22.48702
0.8671849
6.099885
0.1201195
168.9998
359.9875
22.48702
0.8671849
6.099885
0.1201195
168.9998
359.9875
22.51944
0.8671868
6.038998
0.1187284
168.3638
359.9904
22.53022
0.8671875
6.019126
0.1182805
168.1554
359.9914
22.54097
0.8671879
5.999464
0.1178343
167.9488
359.9923
22.56253
0.8671532
5.960517
0.1139593
167.5365
359.9879
22.5734
0.8670887
5.941074
0.1083736
167.3263
359.9789
22.5951
0.8671457
5.902984
0.106869
166.9193
359.98
22.61738
0.8670831
5.864524
0.09470198
166.5099
359.9651
22.62872
0.8670406
5.845253
0.08703294
166.3066
359.9555
22.65145
0.8670821
5.806949
0.07816736
165.8899
359.9468
22.65145
0.8670821
5.806949
0.07816736
165.8899
359.9468
22.68659
0.867079
5.748904
0.05917561
165.2543
359.9268
22.69876
0.8670536
5.729111
0.04988519
165.036
359.9149
22.71119
0.8670579
5.709232
0.04202514
164.8232
359.9066
22.73658
0.8670829
5.668917
0.02699276
164.3771
359.8891
22.7497
0.8670919
5.648377
0.01892775
164.1496
359.8795
22.77666
0.8671098
5.606714
0.004080763
163.6867
359.8634
22.80462
0.8672035
5.564642
-0.003272583
163.2341
359.8603
22.81899
0.8672264
5.5431
359.9918
162.992
359.8539
22.84831
0.8672732
5.499743
359.9862
162.5033
359.8479
22.84831
0.8672732
5.499743
359.9862
162.5033
359.8479
22.89454
0.8672662
5.432942
359.9768
161.7501
359.8345
22.91041
0.8672775
5.410347
359.9759
161.49
359.8319
22.92668
0.8672888
5.387648
359.9756
161.2385
359.8306
22.96012
0.8672522
5.341468
359.9725
160.7191
359.822
22.97726
0.8672415
5.318079
359.9716
160.4513
359.8172
23.01202
0.8673158
5.271415
359.9789
159.914
359.8237
23.04805
0.8672861
5.223898
359.9811
159.3667
359.8212
23.06663
0.8672412
5.199762
359.9799
159.0898
359.8162
23.1046
0.8671955
5.151238
359.9805
158.5307
359.8098
23.1046
0.8671955
5.151238
359.9805
158.5307
359.8098
23.16331
0.8672416
5.077923
359.9898
157.6729
359.8158
23.18342
0.8672512
5.053335
359.993
157.3848
359.8176
23.20384
0.8672466
5.028522
-0.005092076
157.0884
359.8163
23.2455
0.8672346
4.978623
-0.001630574
156.4897
359.8153
23.26678
0.8672257
4.953593
6.723134E-05
156.1917
359.8152
23.31026
0.8671558
4.902948
-0.001166648
155.5702
359.8055
23.35504
0.8671553
4.852014
-4.04642E-05
154.9433
359.8001
23.37806
0.8671223
4.826296
-0.002038338
154.627
359.7932
23.42476
0.8671358
4.774928
-0.0005196147
153.9801
359.787
23.42476
0.8671358
4.774928
-0.0005196147
153.9801
359.787
23.49786
0.8671045
4.696959
-0.00400174
153.0085
359.776
23.52288
0.8671154
4.670853
-0.00395522
152.677
359.7734
23.548
0.8671598
4.644881
-0.0007718981
152.3388
359.7744
23.5996
0.8671752
4.592633
0.0009420392
151.6698
359.7734
23.62601
0.8671508
4.566341
-0.0003495436
151.3297
359.768
23.67962
0.8671721
4.51388
0.001998331
150.643
359.7678
23.7343
0.8672376
4.461535
0.008300981
149.9437
359.7726
23.76242
0.8671858
4.435093
0.005840305
149.5912
359.7669
23.81948
0.8671432
4.382307
0.004502222
148.8736
359.7586
23.81948
0.8671432
4.382307
0.004502222
148.8736
359.7586
23.90747
0.8671838
4.303346
0.008843468
147.7718
359.7541
23.93743
0.8671981
4.27709
0.01076681
147.398
359.7535
23.96803
0.8671526
4.250697
0.00845899
147.0278
359.7476
24.02987
0.8671691
4.198257
0.01096091
146.2716
359.7453
24.06136
0.8671724
4.172075
0.01182734
145.8902
359.7437
24.12566
0.8671384
4.119729
0.01054347
145.1243
359.7364
24.15845
0.8671155
4.093601
0.009258222
144.7392
359.7316
24.22511
0.8671145
4.041596
0.009186525
143.9641
359.7261
24.29285
0.8672091
3.99014
0.01617006
143.1823
359.734
24.32733
0.8672268
3.964556
0.01842997
142.7924
359.7343
24.39724
0.8672335
3.913472
0.0212544
141.9892
359.7331
24.43282
0.8672097
3.888
0.02082084
141.584
359.7301
24.46882
0.8671841
3.862618
0.02000555
141.179
359.7265
24.54199
0.8671517
3.812161
0.01874563
140.3603
359.7182
24.57928
0.8671233
3.787049
0.01683706
139.9482
359.7118
24.6546
0.8671585
3.737476
0.01970279
139.1206
359.7105
24.73118
0.8672487
3.688672
0.0269292
138.2837
359.712
24.77003
0.8672406
3.664363
0.02774561
137.8554
359.7106
24.84907
0.8672227
3.616372
0.02880101
137.0028
359.7021
24.84907
0.8672227
3.616372
0.02880101
137.0028
359.7021
24.97063
0.8671442
3.545426
0.02572748
135.6983
359.6869
25.01192
0.867153
3.52224
0.02643578
135.2624
359.6831
25.05359
0.8671725
3.499305
0.02789544
134.8273
359.6815
25.1382
0.8671541
3.453808
0.02693555
133.9438
359.6751
25.18116
0.8671328
3.431333
0.02554085
133.4951
359.6684
25.26798
0.86716
3.387206
0.02751509
132.5936
359.6642
25.35648
0.8671581
3.344018
0.0279702
131.6903
359.6597
25.35648
0.8671581
3.344018
0.0279702
131.6903
359.6597
25.49147
0.8672243
3.281093
0.0345707
130.3023
359.6616
25.53731
0.8672129
3.26066
0.03497761
129.8402
359.6591
25.58362
0.8671885
3.240473
0.03425199
129.3745
359.6535
25.67732
0.867151
3.200944
0.03343498
128.437
359.6453
25.72449
0.8671683
3.181634
0.03559327
127.9605
359.6452
25.8197
0.8671966
3.144101
0.04113574
127.0159
359.6499
25.8676
0.8672127
3.125861
0.04503794
126.5386
359.6518
25.96373
0.8672678
3.090679
0.05705374
125.5874
359.6601
26.05987
0.8673488
3.057257
0.07489751
124.6429
359.6802
26.10799
0.8673667
3.041168
0.08359514
124.1708
359.6887
26.20421
0.8673543
3.010198
0.09944538
123.2284
359.7065
26.20421
0.8673543
3.010198
0.09944538
123.2284
359.7065
26.348
0.867308
2.966923
0.1224676
121.8265
359.7328
26.3958
0.8672677
2.953352
0.1282983
121.3601
359.7361
26.44356
0.8672131
2.940237
0.1328779
120.8924
359.7352
26.53845
0.8671761
2.91556
0.1455038
119.9719
359.7419
26.58566
0.8671597
2.903956
0.1514004
119.5152
359.7447
26.67946
0.8671424
2.882201
0.1629206
118.613
359.754
26.77297
0.8669949
2.860017
0.1581873
117.7327
359.8274
26.81953
0.8669587
2.848884
0.1548412
117.3042
359.8646
26.9128
0.8668003
2.824739
0.1337183
116.4931
359.9909
26.9128
0.8668003
2.824739
0.1337183
116.4931
359.9909
27.05178
0.8667876
2.783777
0.09983116
115.3934
0.2050093
27.09781
0.8668374
2.769043
0.09046629
115.0641
0.2694306
27.14383
0.8668802
2.753768
0.08041294
114.7491
0.3188502
27.23537
0.8669622
2.721031
0.06120623
114.188
0.4243388
27.32618
0.8670416
2.685503
0.04520824
113.7312
0.5210358
27.3715
0.8670689
2.667079
0.03790231
113.5379
0.5420671
27.46101
0.8672163
2.628456
0.03393975
113.2216
0.5876899
27.50545
0.8672931
2.608637
0.03475283
113.0931
0.5877146
27.5498
0.8673435
2.588638
0.0355724
112.982
0.5722581
27.6384
0.8673893
2.548378
0.03739253
112.8012
0.5059537
27.72697
0.8673903
2.508092
0.03961327
112.6633
0.4127835
27.77128
0.8673816
2.488024
0.04087029
112.6068
0.3626671
27.85999
0.8673532
2.448145
0.04359293
112.5132
0.2647041
27.90441
0.8673366
2.428362
0.04501832
112.4744
0.2193621
27.94885
0.8673196
2.408692
0.04644381
112.4401
0.1775323
28.03787
0.8672859
2.369705
0.04922422
112.3826
0.1060093
28.12704
0.8672555
2.331177
0.0517626
112.337
0.05132487
28.17167
0.8672425
2.312073
0.05290266
112.3177
0.03001783
28.26102
0.8672198
2.274158
0.05486773
112.2848
-0.001853948
28.30574
0.867211
2.25533
0.05569154
112.2707
359.9869
28.35047
0.8672036
2.23658
0.05640015
112.258
359.9784
28.43999
0.8671921
2.199281
0.05749388
112.236
359.9679
28.48476
0.8671883
2.180717
0.05788465
112.2263
359.9653
28.57434
0.8671836
2.143732
0.05839352
112.2095
359.964
28.66393
0.8671823
2.106898
0.05860008
112.1951
359.9662
28.66393
0.8671823
2.106898
0.05860008
112.1951
359.9662
28.75353
0.8671833
2.070177
0.0585717
112.1827
359.9704
28.84312
0.8671863
2.03354
0.05838046
112.1719
359.9753
28.9327
0.8671898
1.996964
0.05808419
112.1623
359.9803
28.97747
0.8671915
1.978694
0.05791844
112.1579
359.9827
29.06701
0.8671955
1.942183
0.05757086
112.1497
359.9869
29.11177
0.8671975
1.923939
0.05739912
112.1458
359.9888
29.15653
0.8671992
1.905702
0.05723298
112.1421
359.9905
29.2464
0.8672093
1.87054
0.05792547
112.1066
359.9345
29.33683
0.8672316
1.838109
0.06178553
112.0115
359.8143
29.3824
0.8671927
1.822666
0.06094467
111.9462
359.7626
29.4733
0.8672506
1.794633
0.07125802
111.7596
359.637
29.4733
0.8672506
1.794633
0.07125802
111.7596
359.637
29.56405
0.8673095
1.770266
0.08724242
111.4865
359.5143
29.65454
0.8673066
1.750066
0.1054277
111.1132
359.3897
29.69958
0.8672861
1.741281
0.1144941
110.8968
359.3514
29.7887
0.8672997
1.727216
0.139931
110.4042
359.2793
29.87626
0.8673019
1.717759
0.1700879
109.8319
359.2196
29.87626
0.8673019
1.717759
0.1700879
109.8319
359.2196
29.9622
0.8672198
1.712226
0.1967884
109.1929
359.2051
30.0472
0.867026
1.707729
0.2066355
108.5311
359.3083
30.08947
0.8669282
1.70567
0.2064375
108.1949
359.3734
30.17381
0.8667489
1.700178
0.1938987
107.5439
359.575
