8.03115
0.8681378
-22.48706
359.886
89.59893
359.7897
8.03115
0.8681378
-22.48706
359.886
89.59893
359.7897
8.060596
0.868049
-22.48062
359.901
89.40157
359.7414
8.090784
0.8679828
-22.47255
359.9203
89.16361
359.7021
8.121968
0.8678147
-22.4627
359.9349
88.90401
359.6715
8.121968
0.8678147
-22.4627
359.9349
88.90401
359.6715
8.15369
0.8677234
-22.45198
359.9535
88.61633
359.6808
8.186428
0.8676091
-22.44047
359.9675
88.31194
359.7086
8.220571
0.8674501
-22.42833
359.974
87.98014
359.736
8.23819
0.8673769
-22.42228
359.9754
87.81664
359.7669
8.256273
0.8673229
-22.41621
359.9758
87.65181
359.7979
8.294549
0.8671331
-22.40466
359.9651
87.32499
359.8737
8.334673
0.8670906
-22.39392
359.9574
87.01903
359.9606
8.334673
0.8670906
-22.39392
359.9574
87.01903
359.9606
8.377264
0.8670741
-22.38409
359.9462
86.72507
0.03663868
8.422373
0.8670276
-22.3753
359.9309
86.45103
0.1011778
8.469943
0.8670552
-22.36752
359.9179
86.21394
0.159365
8.494843
0.8670464
-22.36414
359.9096
86.10766
0.1891504
8.520259
0.8670707
-22.36096
359.9037
86.01137
0.2103368
8.546461
0.8670526
-22.35816
359.8956
85.93114
0.2380572
8.60011
0.8671629
-22.35361
359.891
85.82175
0.2891972
8.655953
0.8672594
-22.34966
359.8895
85.75749
0.2967707
8.714255
0.8672497
-22.34618
359.885
85.69859
0.2706526
8.714255
0.8672497
-22.34618
359.885
85.69859
0.2706526
8.774577
0.8672709
-22.34259
359.885
85.6651
0.2261876
8.836683
0.8673391
-22.33886
359.8908
85.64452
0.1760078
8.90097
0.8673409
-22.33501
359.8945
85.62184
0.1277967
8.933779
0.8673457
-22.33295
359.8973
85.61442
0.1055615
8.967298
0.8673224
-22.33084
359.8979
85.60485
0.08527389
9.035646
0.8672867
-22.3263
359.9006
85.59464
0.05116864
9.10613
0.867246
-22.32124
359.902
85.60259
0.0261178
9.142106
0.8672305
-22.31881
359.903
85.59142
0.01659447
9.178811
0.8671818
-22.31618
359.9012
85.58772
0.008535059
9.253419
0.8671822
-22.31068
359.9032
85.58712
-0.002839662
9.291519
0.8671824
-22.30776
359.9038
85.59248
359.9934
9.369094
0.867222
-22.30188
359.9076
85.59398
359.989
9.44871
0.8672321
-22.2957
359.9098
85.60281
359.9879
9.44871
0.8672321
-22.2957
359.9098
85.60281
359.9879
9.530984
0.8671371
-22.28943
359.9037
85.60053
359.9885
9.614644
0.8672089
-22.28293
359.9082
85.60596
359.9898
9.700121
0.8672836
-22.27635
359.9142
85.60608
359.9918
9.700121
0.8672836
-22.27635
359.9142
85.60608
359.9918
9.788394
0.8671938
-22.26957
359.9084
85.6045
359.9938
9.878471
0.8671887
-22.26153
359.9071
85.57778
359.9461
9.970354
0.8671717
-22.25106
359.9059
85.4973
359.8423
9.970354
0.8671717
-22.25106
359.9059
85.4973
359.8423
10.0634
0.8671902
-22.23757
359.9099
85.34328
359.7099
10.15674
0.8673213
-22.22091
359.9262
85.1048
359.5817
10.25082
0.8673091
-22.20056
359.9391
84.77175
359.4527
10.29755
0.8673614
-22.18892
359.9516
84.57009
359.3906
10.34439
0.8673534
-22.17636
359.9615
84.3426
359.3381
10.43718
0.8673732
-22.14803
359.9881
83.8306
359.2439
10.48322
0.867349
-22.13232
0.001239332
83.53304
359.1971
10.57386
0.8672988
-22.09758
0.03165862
82.87849
359.1198
10.66298
0.8672299
-22.05943
0.06158151
82.14543
359.0993
10.66298
0.8672299
-22.05943
0.06158151
82.14543
359.0993
10.75137
0.8671086
-22.01853
0.08302444
81.36445
359.1358
10.8391
0.8670468
-21.97576
0.1002892
80.53963
359.2155
10.92653
0.866987
-21.9313
0.1097652
79.6831
359.3094
10.92653
0.866987
-21.9313
0.1097652
79.6831
359.3094
11.01396
0.8669215
-21.88521
0.1105274
78.80495
359.3989
11.10144
0.8668894
-21.83759
0.1058118
77.90868
359.477
11.19046
0.86677
-21.78913
0.08498948
77.01942
359.5824
11.23599
0.8667031
-21.76513
0.06907039
76.57746
359.657
11.28218
0.8666639
-21.74123
0.05188471
76.13869
359.7295
11.37648
0.8667428
-21.69465
0.02151431
75.30241
359.9084
11.4735
0.866886
-21.64967
359.9935
74.51427
0.07854887
11.52312
0.8669493
-21.62785
359.9797
74.14594
0.1614395
11.57325
0.8670446
-21.60648
359.9693
73.79066
0.2304612
11.62403
0.867128
-21.58561
359.9597
73.45656
0.2984674
11.72744
0.8672737
-21.54591
359.946
72.86641
0.4348532
11.83277
0.8674136
-21.50876
359.942
72.38565
0.5465396
11.93948
0.8675233
-21.47394
359.9473
72.01728
0.6190145
11.93948
0.8675233
-21.47394
359.9473
72.01728
0.6190145
12.04692
0.8675911
-21.44045
359.9597
71.73949
0.6169136
12.15479
0.8675903
-21.40746
359.9745
71.52715
0.5546979
12.26258
0.8675084
-21.37349
359.988
71.3299
0.4074669
12.31593
0.8674955
-21.35553
-0.002320197
71.22554
0.2958372
12.36911
0.8674468
-21.33686
0.005387872
71.10971
0.1801847
12.4736
0.8673992
-21.29667
0.02645127
70.84798
359.9245
12.57582
0.867328
-21.25289
0.048435
70.51812
359.6881
12.62563
0.8673325
-21.22956
0.06329766
70.32805
359.5763
12.67489
0.867282
-21.20537
0.07513329
70.11496
359.4813
12.72299
0.8672854
-21.18024
0.09143639
69.88474
359.39
12.81571
0.8672754
-21.12695
0.127611
69.34918
359.2204
12.90339
0.8672555
-21.07014
0.1683248
68.72494
359.0952
12.98616
0.8671945
-21.01049
0.2083108
68.02212
359.0306
12.98616
0.8671945
-21.01049
0.2083108
68.02212
359.0306
13.0649
0.8670564
-20.94883
0.2390591
67.25905
359.0404
13.1402
0.8669324
-20.88589
0.2614954
66.46409
359.1146
13.21276
0.8668447
-20.8224
0.2746765
65.65113
359.2316
13.24818
0.8668145
-20.79058
0.2777838
65.23858
359.2971
13.2831
0.866785
-20.75871
0.2781997
64.82426
359.3624
13.35158
0.8667434
-20.69494
0.2724508
63.99273
359.4858
13.38518
0.8667368
-20.66306
0.2671022
63.57645
359.5416
13.45117
0.866755
-20.59936
0.2532022
62.74463
359.6387
13.51563
0.8668096
-20.53576
0.2369092
61.91547
359.7152
13.51563
0.8668096
-20.53576
0.2369092
61.91547
359.7152
13.57858
0.8668883
-20.47227
0.2200109
61.09059
359.7724
13.64005
0.8669783
-20.40887
0.2038183
60.27124
359.8128
13.70004
0.8670679
-20.34553
0.1892193
59.45837
359.8398
13.72949
0.8671097
-20.31388
0.182699
59.05462
359.8492
13.75856
0.8671485
-20.28225
0.1767514
58.65274
359.8566
13.78726
0.8671838
-20.25062
0.171398
58.25281
359.8622
13.84356
0.867242
-20.18739
0.1624827
57.45902
359.8692
13.89836
0.8672832
-20.1242
0.1558592
56.67366
359.8726
13.95199
0.8672684
-20.06086
0.1475337
55.90118
359.8752
13.9783
0.8672808
-20.02925
0.1452095
55.51398
359.8756
14.00432
0.8672844
-19.99757
0.1425206
55.12836
359.8748
14.05566
0.8672421
-19.9338
0.1338471
54.3602
359.8654
14.08104
0.8672123
-19.90159
0.1279447
53.97793
359.8575
14.13103
0.8671962
-19.83686
0.1183952
53.20668
359.8426
14.18027
0.8671508
-19.77105
0.1053475
52.43711
359.8214
14.18027
0.8671508
-19.77105
0.1053475
52.43711
359.8214
14.22897
0.8671228
-19.70407
0.0907987
51.66043
359.8004
14.28423
0.8769463
-19.64402
0.4445397
50.60316
359.3788
14.34459
0.8907574
-19.59099
1.016577
49.30557
358.5368
14.37365
0.8958121
-19.56391
1.257954
48.67733
358.1259
14.42863
0.9015094
-19.50612
1.600092
47.47897
357.4192
14.42863
0.9015094
-19.50612
1.600092
47.47897
357.4192
14.47746
0.901973
-19.44319
1.754806
46.39856
357.0092
14.51696
0.8951235
-19.37521
1.606318
45.43751
357.1288
14.55639
0.8916523
-19.30471
1.523236
44.53743
357.2605
14.57712
0.8905937
-19.26847
1.484258
44.10036
357.3392
14.5983
0.8899349
-19.23184
1.451083
43.67619
357.4168
14.6429
0.8894035
-19.15753
1.390946
42.87885
357.5981
14.66608
0.8894534
-19.1202
1.367681
42.50524
357.693
14.71504
0.8897922
-19.04486
1.320934
41.82841
357.8858
14.76739
0.8903218
-18.96894
1.278676
41.23352
358.058
14.76739
0.8903218
-18.96894
1.278676
41.23352
358.058
14.82297
0.8909398
-18.8927
1.244914
40.72654
358.2051
14.88746
0.8998823
-18.81674
1.537194
40.32133
357.8843
14.94753
0.8970547
-18.74063
1.446431
40.05532
358.1076
14.97103
0.8860406
-18.70071
1.037613
39.99447
358.704
15.02225
0.8734332
-18.61927
0.5028513
39.91409
359.5227
15.02225
0.8734332
-18.61927
0.5028513
39.91409
359.5227
15.07863
0.867931
-18.53749
0.1909923
39.8445
0.0318485
15.13973
0.8659332
-18.45479
-0.002319276
39.80124
0.3208526
15.20437
0.8657723
-18.37195
359.8887
39.75811
0.4549798
15.23783
0.8659787
-18.33027
359.8534
39.73943
0.4805964
15.27198
0.8662567
-18.28835
359.8269
39.72297
0.4860241
15.34202
0.8668624
-18.2037
359.7949
39.69558
0.45441
15.41408
0.8673669
-18.11773
359.7827
39.67501
0.3898263
15.45077
0.8675572
-18.0742
359.782
39.66682
0.3518739
15.52532
0.8678111
-17.98597
359.7886
39.65319
0.2737919
15.52532
0.8678111
-17.98597
359.7886
39.65319
0.2737919
15.60126
0.8679132
-17.89612
359.8024
39.64254
0.2005469
15.6785
0.8679001
-17.80458
359.8203
39.63418
0.1374608
15.75696
0.8678105
-17.71133
359.8394
39.62756
0.08660772
15.79665
0.8677475
-17.66404
359.8487
39.62481
0.06581852
15.83665
0.8676751
-17.61631
359.8575
39.62254
0.04797367
15.91667
0.8674803
-17.51852
359.8704
39.59379
359.9629
15.99555
0.8673483
-17.41757
359.8853
39.50131
359.8194
16.03415
0.8673173
-17.36584
359.8949
39.42058
359.7276
16.07218
0.8672832
-17.31322
359.9043
39.32461
359.6418
16.10947
0.8672639
-17.2598
359.9151
39.19663
359.549
16.18088
0.8672453
-17.15034
359.941
38.85552
359.3506
16.24783
0.8672291
-17.03778
359.9716
38.39057
359.1676
16.30971
0.8672389
-16.9226
0.008462551
37.80593
359.0186
16.33878
0.8672064
-16.86403
0.02592086
37.46625
358.9552
16.39205
0.867204
-16.74587
0.07007531
36.69499
358.8472
16.39205
0.867204
-16.74587
0.07007531
36.69499
358.8472
16.44001
0.8671193
-16.62619
0.1102087
35.81893
358.7992
16.48374
0.8669833
-16.50517
0.1410382
34.85904
358.8167
16.52409
0.8668468
-16.38293
0.1613554
33.8345
358.8848
16.54313
0.8667772
-16.32126
0.1668965
33.30853
358.9293
16.56162
0.8667207
-16.25936
0.1700406
32.76464
358.9788
16.5794
0.8666975
-16.19719
0.1724204
32.21833
359.032
16.61332
0.8666565
-16.07194
0.1700217
31.101
359.136
16.64497
0.8666805
-15.94584
0.1645194
29.9635
359.2334
16.6744
0.8667479
-15.81913
0.1581182
28.81065
359.3185
16.6744
0.8667479
-15.81913
0.1581182
28.81065
359.3185
16.70158
0.8668509
-15.69208
0.1532148
27.64789
359.3912
16.72646
0.8669378
-15.56475
0.1487019
26.47854
359.446
16.73862
0.8669629
-15.50111
0.145052
25.89239
359.4941
16.7643
0.8669876
-15.37383
0.1313631
24.75449
359.663
16.79222
0.8669955
-15.24651
0.111671
23.66838
359.8642
16.79222
0.8669955
-15.24651
0.111671
23.66838
359.8642
16.82253
0.8670295
-15.11931
0.09150345
22.6463
0.05427955
16.85889
0.8670701
-14.99396
0.0739537
21.78873
0.4026966
16.90214
0.8671502
-14.87177
0.0677358
21.1596
0.7769327
16.92595
0.8671632
-14.81175
0.06687143
20.93686
0.9373887
16.95085
0.8672004
-14.75259
0.07011379
20.76235
1.059341
16.97692
0.8672045
-14.69409
0.07330251
20.64512
1.158335
17.03232
0.8673121
-14.58045
0.09439152
20.55266
1.294243
17.09155
0.8673228
-14.47053
0.1181849
20.65263
1.353177
17.15408
0.8672963
-14.36462
0.1454514
20.92212
1.355039
17.18652
0.8672723
-14.31327
0.1600291
21.11727
1.348289
17.21954
0.8672611
-14.26309
0.1763592
21.34122
1.322108
17.25329
0.8672352
-14.21404
0.1924465
21.60394
1.303442
17.32269
0.8672193
-14.12036
0.2312393
22.22258
1.262361
17.39397
0.8671375
-14.03153
0.2658952
22.94205
1.185789
17.46659
0.8669888
-13.94666
0.2898791
23.73874
1.079596
17.50314
0.8669297
-13.90553
0.2988948
24.15359
1.009226
17.5398
0.8668619
-13.86503
0.3040997
24.57941
0.9352229
17.61334
0.8667039
-13.78556
0.3028404
25.46076
0.7851608
17.65011
0.8666751
-13.74673
0.3007415
25.90734
0.7102012
17.72383
0.8666107
-13.67035
0.2878803
26.81302
0.5772049
17.79717
0.8667097
-13.59622
0.2780952
27.71986
0.4520054
17.79717
0.8667097
-13.59622
0.2780952
27.71986
0.4520054
17.87021
0.8668154
-13.52392
0.265147
28.63442
0.3523845
17.94311
0.8668972
-13.45332
0.2487823
29.55055
0.2806004
17.97953
0.8669361
-13.41865
0.2401286
30.0084
0.2537087
18.05233
0.8670129
-13.35058
0.2230235
30.92231
0.2148405
18.12514
0.8670886
-13.28422
0.2072481
31.83231
0.191815
18.12514
0.8670886
-13.28422
0.2072481
31.83231
0.191815
18.198
0.8671589
-13.21961
0.1936329
32.73684
0.1799468
18.27093
0.8672196
-13.15675
0.1825555
33.63453
0.1750504
18.34393
0.8672669
-13.09565
0.1740083
34.5245
0.1738941
18.38045
0.8672845
-13.06576
0.1706015
34.96644
0.1740941
18.45354
0.8673084
-13.00729
0.1653509
35.84394
0.1752404
18.45354
0.8673084
-13.00729
0.1653509
35.84394
0.1752404
18.52666
0.8673185
-12.95058
0.1619297
36.71255
0.1765596
18.5998
0.8673174
-12.89561
0.1599663
37.57193
0.17737
18.67292
0.8673078
-12.84237
0.1590948
38.42185
0.177311
18.70946
0.867301
-12.81639
0.1589553
38.84321
0.1769053
18.74598
0.8672929
-12.79083
0.1589562
39.26215
0.1762527
18.81895
0.8672748
-12.74097
0.1592383
40.09274
0.1742332
18.85539
0.867265
-12.71667
0.1594619
40.50439
0.1728952
18.92815
0.8672462
-12.66929
0.1599324
41.32037
0.1696496
19.00073
0.8672288
-12.62352
0.1603252
42.12663
0.1657826
19.03694
0.8672211
-12.60123
0.1604578
42.52613
0.1636661
19.07308
0.8672141
-12.57934
0.1605349
42.92323
0.1614525
19.14518
0.8672023
-12.53671
0.1604971
43.71017
0.1567964
19.217
0.8671937
-12.4956
0.1602034
44.48758
0.1519329
19.25278
0.8671904
-12.47561
0.1599567
44.87271
0.1494509
19.28848
0.8671881
-12.45598
0.1596526
45.25547
0.1469502
19.35962
0.867185
-12.41782
0.1588854
46.01391
0.1419079
19.39505
0.8671843
-12.39928
0.1584303
46.3896
0.1393499
19.4656
0.8671839
-12.36324
0.157401
47.13395
0.1341794
19.53574
0.8671854
-12.32857
0.1562413
47.86899
0.1290137
19.53574
0.8671854
-12.32857
0.1562413
47.86899
0.1290137
19.60542
0.8671877
-12.29524
0.1549902
48.59481
0.1239263
19.67463
0.8671902
-12.26322
0.1536825
49.31145
0.1189708
19.74335
0.8671929
-12.23247
0.1523542
50.019
0.1141719
19.77752
0.8671945
-12.21756
0.1516939
50.36937
0.1118364
19.81155
0.867196
-12.20296
0.1510381
50.71748
0.109539
19.84546
0.8671974
-12.18867
0.1503894
51.06335
0.107281
19.91286
0.8671998
-12.16097
0.1491149
51.74836
0.1028849
19.97969
0.8672022
-12.13444
0.1478841
52.42444
0.09863798
20.04595
0.867204
-12.10905
0.1467004
53.09164
0.09452571
20.04595
0.867204
-12.10905
0.1467004
53.09164
0.09452571
20.11162
0.8672054
-12.08477
0.1455603
53.75001
0.09053548
20.17668
0.8672063
-12.06157
0.1444705
54.39959
0.08664645
20.24111
0.8672073
-12.03942
0.1434232
55.04044
0.08285436
20.27309
0.8672075
-12.02873
0.1429138
55.3576
0.08099204
20.30491
0.8672078
-12.01829
0.1424105
55.67261
0.07915071
20.33656
0.8672081
-12.0081
0.1419127
55.98544
0.07732929
20.39939
0.8672085
-11.98845
0.1409413
56.60466
0.07374568
20.46154
0.8672087
-11.96975
0.1399859
57.21533
0.07023596
20.52302
0.867209
-11.95198
0.1390484
57.81747
0.06679448
20.52302
0.867209
-11.95198
0.1390484
57.81747
0.06679448
20.58381
0.8672093
-11.93511
0.1381246
58.41115
0.06342046
20.6439
0.8672093
-11.9191
0.137205
58.99641
0.06011451
20.70329
0.8672097
-11.90394
0.1363022
59.57331
0.05686739
20.73272
0.8672096
-11.89667
0.1358488
59.85865
0.05527277
20.76196
0.8672099
-11.88959
0.1353951
60.1419
0.05369857
20.79103
0.86721
-11.88272
0.1349411
60.42308
0.05214787
20.84863
0.8672101
-11.86955
0.1340346
60.97929
0.04910531
20.9055
0.8672103
-11.85714
0.1331301
61.52731
0.04613774
20.96183
0.8671601
-11.84423
0.1258583
62.0576
0.006092986
20.96183
0.8671601
-11.84423
0.1258583
62.0576
0.006092986
21.01775
0.867103
-11.83001
0.1128542
62.55907
359.9367
21.07329
0.867071
-11.81417
0.09673747
63.02299
359.8575
21.12852
0.8670765
-11.79673
0.08029459
63.44588
359.7886
21.15599
0.8670849
-11.78732
0.07204009
63.63972
359.7534
21.18346
0.8670893
-11.77751
0.0634902
63.82536
359.7289
21.23808
0.8671221
-11.75653
0.04875409
64.15459
359.6803
21.29225
0.8671843
-11.73393
0.03850375
64.42555
359.6424
21.3191
0.867218
-11.72199
0.03505692
64.53652
359.6228
21.37222
0.8672822
-11.69682
0.03164768
64.70194
359.5881
21.37222
0.8672822
-11.69682
0.03164768
64.70194
359.5881
21.42498
0.867325
-11.67086
0.03129347
64.81438
359.6013
21.47761
0.8673441
-11.64457
0.03290903
64.8924
359.6502
21.5302
0.8673434
-11.61821
0.03574236
64.94766
359.7165
21.5302
0.8673434
-11.61821
0.03574236
64.94766
359.7165
21.58281
0.8673286
-11.59192
0.03921991
64.98759
359.7859
21.63549
0.8673053
-11.56581
0.04289319
65.01705
359.8499
21.68825
0.8672783
-11.53993
0.04644176
65.03929
359.9036
21.71466
0.8672647
-11.52707
0.04809153
65.04842
359.9261
21.7411
0.8672515
-11.51428
0.04963003
65.05652
359.9457
21.79402
0.8672279
-11.48885
0.05232268
65.07027
359.9764
21.84701
0.8672085
-11.46363
0.05445262
65.08154
-0.002722762
21.87352
0.8672007
-11.45108
0.05530595
65.0865
0.004548021
21.92657
0.8671889
-11.4261
0.0566052
65.09541
0.01403758
21.92657
0.8671889
-11.4261
0.0566052
65.09541
0.01403758
21.97964
0.8671819
-11.40123
0.05741648
65.1033
0.01835526
22.03273
0.8671789
-11.37645
0.05781886
65.11044
0.01916243
22.08582
0.8671789
-11.35174
0.05789873
65.11705
0.0177983
22.08582
0.8671789
-11.35174
0.05789873
65.11705
0.0177983
22.13891
0.8671812
-11.32707
0.0577437
65.12329
0.01528807
22.19199
0.8671849
-11.30243
0.05743894
65.12926
0.01234857
22.24549
0.8671216
-11.27774
0.05175058
65.12553
0.009181811
22.27241
0.8671144
-11.26528
0.04880629
65.12514
0.007593118
22.29923
0.8671217
-11.25283
0.04734121
65.12749
0.006126724
22.35346
0.8671474
-11.22783
0.04274733
65.12112
0.004010945
22.38109
0.86707
-11.21499
0.03385955
65.12413
0.002900059
22.43684
0.8670641
-11.18917
0.02215305
65.12386
0.001246077
22.49383
0.8670477
-11.1627
0.007084723
65.12869
0.0004208526
22.49383
0.8670477
-11.1627
0.007084723
65.12869
0.0004208526
22.55205
0.8670818
-11.13581
359.9936
65.12283
-6.31582E-05
22.61201
0.8670823
-11.10796
359.976
65.12667
-0.0004884595
22.67395
0.8671266
-11.07942
359.9592
65.11464
-0.0007673109
22.67395
0.8671266
-11.07942
359.9592
65.11464
-0.0007673109
22.73801
0.8670936
-11.04957
359.9374
65.12478
-0.001050232
22.80352
0.8672355
-11.01914
359.9285
65.12896
-0.0006859943
22.87105
0.8673011
-10.98791
359.9189
65.12292
-0.0006489086
22.9059
0.8672473
-10.97175
359.9091
65.12274
-0.0005848957
22.94076
0.8672851
-10.95559
359.907
65.12253
-0.0005246246
23.01245
0.8672856
-10.9223
359.8982
65.12531
-0.0003987529
23.08591
0.8673385
-10.88817
359.8957
65.13062
-0.0001056713
23.12351
0.867317
-10.87074
359.8925
65.13054
9.335163E-05
23.1998
0.867355
-10.83535
359.8936
65.13178
0.0001285865
23.1998
0.867355
-10.83535
359.8936
65.13178
0.0001285865
23.27791
0.8673741
-10.79924
359.8964
65.12487
0.0002390403
23.3582
0.8673103
-10.76198
359.8947
65.12777
0.0001892746
23.44044
0.8672753
-10.72384
359.8946
65.12898
0.0001827045
23.44044
0.8672753
-10.72384
359.8946
65.12898
0.0001827045
23.52428
0.8673071
-10.68485
359.8994
65.13793
0.0003711053
23.60987
0.8672413
-10.64394
359.8986
65.11552
359.9511
23.6956
0.8673273
-10.60045
359.9089
65.03681
359.8469
23.6956
0.8673273
-10.60045
359.9089
65.03681
359.8469
23.78123
0.867359
-10.55365
359.9203
64.88658
359.7115
23.86645
0.8673655
-10.50343
359.9333
64.65141
359.5768
23.95101
0.8672982
-10.44964
359.945
64.30893
359.4438
23.99252
0.8673211
-10.42139
359.956
64.10319
359.3795
24.07339
0.8673506
-10.36178
359.9832
63.60873
359.2444
24.07339
0.8673506
-10.36178
359.9832
63.60873
359.2444
24.1511
0.8673617
-10.29847
0.01639859
63.01066
359.1332
24.2258
0.8672766
-10.23161
0.0475342
62.32193
359.0586
24.29811
0.8671434
-10.16204
0.07365451
61.55393
359.0478
24.29811
0.8671434
-10.16204
0.07365451
61.55393
359.0478
24.36844
0.8670868
-10.09061
0.09838319
60.73442
359.1049
24.43759
0.8669957
-10.01746
0.1129878
59.8755
359.1938
24.50586
0.8669118
-9.942776
0.1189361
58.98963
359.2934
24.5404
0.8668103
-9.904984
0.1131322
58.54913
359.3656
24.57616
0.8724079
-9.876678
0.006127106
58.10323
359.0932
24.64826
0.8816901
-9.822095
359.6804
57.2677
358.6008
24.71956
0.8859421
-9.763442
359.3683
56.48475
358.3972
24.71956
0.8859421
-9.763442
359.3683
56.48475
358.3972
24.79093
0.8876859
-9.70208
359.1492
55.75608
358.3913
24.86415
0.8894242
-9.640554
358.9594
55.1046
358.3652
24.93946
0.8909109
-9.579
358.8019
54.54486
358.3476
24.97857
0.8943949
-9.551251
358.6714
54.28993
358.084
25.05696
0.8979648
-9.494926
358.4616
53.85873
357.8892
25.05696
0.8979648
-9.494926
358.4616
53.85873
357.8892
25.13148
0.890602
-9.429421
358.583
53.53516
358.6655
25.20461
0.8809079
-9.359265
358.9606
53.33397
359.5542
25.27998
0.8741796
-9.291757
359.3549
53.20003
0.1000261
25.27998
0.8741796
-9.291757
359.3549
53.20003
0.1000261
25.3569
0.8695055
-9.227327
359.7126
53.10233
0.4056279
25.43517
0.8662178
-9.165306
-0.002619231
53.02089
0.5411655
25.51401
0.8640888
-9.10508
0.2055243
52.95994
0.5629033
25.55349
0.8633846
-9.075508
0.2819164
52.93407
0.5456479
25.59297
0.8628815
-9.0462
0.3408497
52.91103
0.5159144
25.67185
0.8623841
-8.988158
0.4119782
52.87174
0.4337631
25.7505
0.8624147
-8.930579
0.4314589
52.8399
0.3398492
25.78972
0.8625786
-8.901883
0.426189
52.82607
0.293427
25.82886
0.8628163
-8.873218
0.4131545
52.81339
0.2490921
25.86792
0.8631116
-8.844561
0.3939253
52.80178
0.2076833
25.94577
0.8638196
-8.787224
0.3430274
52.78224
0.1355998
26.02323
0.8646026
-8.729822
0.2843457
52.76904
0.07915075
26.10038
0.8653723
-8.672287
0.2248254
52.76025
0.03757985
26.10038
0.8653723
-8.672287
0.2248254
52.76025
0.03757985
26.17642
0.8660929
-8.613806
0.1720463
52.73386
359.9598
26.25679
0.8754574
-8.56211
0.4588576
52.36579
359.5046
26.33954
0.8892622
-8.517472
0.9967141
51.68946
358.5956
26.33954
0.8892622
-8.517472
0.9967141
51.68946
358.5956
26.41715
0.8982472
-8.470614
1.432842
51.00144
357.7017
26.48733
0.9013105
-8.418035
1.682413
50.33922
357.0286
26.54351
0.8945578
-8.358951
1.565249
49.74064
356.9635
26.5698
0.8925116
-8.327839
1.536353
49.42979
356.9172
26.59468
0.8911667
-8.296263
1.52621
49.12394
356.8905
26.64038
0.8897612
-8.231765
1.53531
48.49596
356.8574
26.68191
0.8891631
-8.1658
1.548872
47.82296
356.8524
26.7011
0.8891512
-8.132855
1.561244
47.48862
356.8858
26.71969
0.8891897
-8.099874
1.57008
47.14745
356.9325
26.75533
0.8893873
-8.034273
1.579695
46.45917
357.0602
26.78955
0.8895898
-7.968908
1.572952
45.76024
357.1915
26.80612
0.8897368
-7.936402
1.567609
45.41151
357.2568
26.82251
0.8898586
-7.9039
1.558165
45.05725
357.315
26.85616
0.894603
-7.838734
1.70044
44.37748
357.1525
26.88997
0.8996377
-7.773835
1.877903
43.7168
356.9294
26.90634
0.9008281
-7.741337
1.924586
43.37577
356.8794
26.93492
0.8987413
-7.67604
1.861221
42.71341
357.0261
26.93492
0.8987413
-7.67604
1.861221
42.71341
357.0261
26.96038
0.8934728
-7.609718
1.656752
42.0249
357.3679
26.97396
0.8748345
-7.540522
0.9024192
41.33294
358.5246
26.99299
0.8670881
-7.470607
0.4774449
40.5853
359.2555
26.99299
0.8670881
-7.470607
0.4774449
40.5853
359.2555
27.01572
0.8644798
-7.400672
0.2222586
39.81947
359.7288
27.04119
0.8642424
-7.329958
0.06067293
39.05345
-0.002386047
27.06823
0.8650046
-7.258512
359.9611
38.2975
0.1253974
27.06823
0.8650046
-7.258512
359.9611
38.2975
0.1253974
27.09638
0.8659526
-7.185848
359.8978
37.53447
0.1517974
27.12489
0.8668352
-7.112067
359.8651
36.76814
0.1238035
27.15335
0.8674831
-7.037007
359.8532
35.99511
0.0648355
27.16743
0.8677182
-6.999073
359.8541
35.60453
0.03109965
27.18141
0.8678545
-6.960436
359.8547
35.21784
359.9919
27.20878
0.868062
-6.88263
359.8702
34.43665
359.9279
27.23689
0.8679992
-6.802981
359.8813
33.66808
359.9121
27.25172
0.867894
-6.76249
359.8836
33.29248
359.931
27.26685
0.8678517
-6.721957
359.8906
32.92593
359.9594
27.29929
0.8676869
-6.639672
359.8975
32.22524
0.04506253
27.33446
0.86751
-6.55597
359.9001
31.57042
0.1341988
27.35317
0.8674232
-6.513584
359.8997
31.26432
0.1821822
27.39352
0.8672776
-6.428137
359.8969
30.71201
0.2965268
27.39352
0.8672776
-6.428137
359.8969
30.71201
0.2965268
27.43741
0.8671434
-6.341424
359.8905
30.25156
0.3972752
27.4846
0.8671397
-6.254171
359.8907
29.88084
0.4826513
27.53472
0.8671508
-6.166032
359.892
29.60589
0.5326704
27.53472
0.8671508
-6.166032
359.892
29.60589
0.5326704
27.58585
0.8671825
-6.076151
359.8951
29.37234
0.4682552
27.63603
0.867288
-5.983999
359.9046
29.13252
0.2996648
27.68411
0.8673481
-5.889068
359.9151
28.84347
0.06742689
27.68411
0.8673481
-5.889068
359.9151
28.84347
0.06742689
27.72939
0.8673311
-5.791123
359.9245
28.49261
359.8255
27.771
0.867314
-5.690422
359.9381
28.0624
359.5917
27.8082
0.8673309
-5.587526
359.9597
27.54703
359.3866
27.82502
0.867337
-5.535378
359.9728
27.25473
359.2956
27.84063
0.8673543
-5.482905
359.9883
26.94127
359.2208
27.8679
0.8673308
-5.376892
0.02037922
26.23833
359.0865
27.88995
0.8673078
-5.270224
0.05758589
25.45143
359.001
27.8993
0.8672983
-5.216784
0.07668525
25.03543
358.9896
27.90797
0.8672016
-5.162878
0.08866691
24.5995
358.9915
27.92307
0.8669884
-5.054179
0.1042023
23.69741
359.0308
27.93565
0.8668613
-4.944707
0.1147753
22.76137
359.1099
27.94118
0.8668498
-4.889812
0.1197006
22.27673
359.1582
27.94614
0.8668696
-4.834879
0.125035
21.79277
359.2116
27.95077
0.8668444
-4.779591
0.125452
21.2982
359.2614
27.95866
0.8668135
-4.668373
0.122095
20.30064
359.351
27.9649
0.8668131
-4.556256
0.1142511
19.28683
359.4259
27.96952
0.8668454
-4.443259
0.1040788
18.25955
359.4851
27.96952
0.8668454
-4.443259
0.1040788
18.25955
359.4851
27.97414
0.8668514
-4.329043
0.08606317
17.23309
359.5862
27.98024
0.8668096
-4.212997
0.05690848
16.23846
359.7329
27.98878
0.8668704
-4.095662
0.02900294
15.28494
359.9107
27.98878
0.8668704
-4.095662
0.02900294
15.28494
359.9107
27.99995
0.8669946
-3.97717
0.005161296
14.3874
0.08233547
28.01381
0.8671157
-3.857599
359.9851
13.56163
0.2336918
28.03054
0.8672438
-3.737309
359.972
12.82353
0.3666133
28.03054
0.8672438
-3.737309
359.972
12.82353
0.3666133
28.05014
0.8673656
-3.616725
359.9673
12.1885
0.4793539
28.07271
0.8674409
-3.496128
359.969
11.66781
0.5745404
28.09564
0.8675164
-3.375531
359.9791
11.22197
0.5407936
28.10634
0.8675416
-3.315165
359.9862
11.00368
0.4630729
28.1164
0.8675519
-3.254766
359.9941
10.78458
0.3678439
28.1333
0.8675539
-3.134082
0.01424024
10.32382
0.1148316
28.14541
0.8675174
-3.01379
0.03840884
9.821507
359.8419
28.14937
0.8674965
-2.95397
0.05273008
9.549383
359.703
28.15207
0.8674884
-2.894604
0.0695818
9.259255
359.5821
28.15297
0.8674313
-2.777045
0.1050995
8.623509
359.3578
28.14805
0.8673828
-2.661894
0.1463597
7.914095
359.185
28.14347
0.8673346
-2.605302
0.1668797
7.529025
359.1161
28.13753
0.8673159
-2.549685
0.1902031
7.1323
359.0671
28.12218
0.8672094
-2.440531
0.2309922
6.294021
359.0213
28.11304
0.8670987
-2.386746
0.2450311
5.85963
359.0233
28.09268
0.8668947
-2.280925
0.2655452
4.960695
359.0767
28.07153
0.866684
-2.176174
0.2671719
4.062932
359.2328
28.07153
0.866684
-2.176174
0.2671719
4.062932
359.2328
28.04176
0.8665137
-2.019392
0.2404326
2.779422
359.5779
28.03271
0.8664914
-1.967061
0.2257372
2.369858
359.7
28.02413
0.8664947
-1.914655
0.2096559
1.970562
359.8108
28.01624
0.8664985
-1.862035
0.1909706
1.584853
359.9224
28.00305
0.8665422
-1.756093
0.1500203
0.8676203
0.1447327
27.993
0.8666971
-1.649646
0.1140768
0.2388224
0.3337212
27.98605
0.8668877
-1.542782
0.08416028
359.7045
0.4802938
27.98605
0.8668877
-1.542782
0.08416028
359.7045
0.4802938
27.98206
0.8670405
-1.435499
0.05894435
359.2822
0.5889969
27.98057
0.8672491
-1.328448
0.04649893
358.9539
0.6407847
27.98035
0.8673846
-1.22135
0.03857943
358.7047
0.6176779
27.98046
0.8674259
-1.167788
0.03588589
358.6028
0.5842238
27.98061
0.8674535
-1.11422
0.03397254
358.5133
0.5409043
27.9809
0.8674765
-1.007079
0.03223588
358.3648
0.4375794
27.98092
0.8674684
-0.8999477
0.03280855
358.2485
0.328835
27.98076
0.8674563
-0.8463908
0.03376358
358.2
0.2769459
27.98048
0.8674405
-0.7928436
0.03506089
358.1568
0.2282716
27.97951
0.8674015
-0.6857811
0.0383837
358.0839
0.1431707
27.978
0.8673575
-0.5787697
0.04221697
358.0255
0.07619972
27.97705
0.8673357
-0.5252852
0.04418319
358.0008
0.04948917
27.97598
0.8673143
-0.4718156
0.0461161
357.9785
0.02702485
27.9735
0.867275
-0.3649207
0.0497523
357.9403
359.9936
27.97048
0.8675666
-0.2619904
0.08900432
357.9308
359.9729
27.96899
0.8677757
-0.2137811
0.1275477
357.9273
359.9667
27.96751
0.8679549
-0.1678125
0.1736014
357.9242
359.9627
27.96467
0.868142
-0.08278817
0.2777543
357.9194
359.9598
27.96203
0.8680827
-0.00723362
0.3857076
357.916
359.9617
27.9608
0.8679768
0.02691716
0.4379036
357.9147
359.9638
27.95965
0.8678344
0.0586189
0.4877491
357.9136
359.9664
27.95757
0.867483
0.1146086
0.5780817
357.9119
359.9724
27.95582
0.8671074
0.1606336
0.6536275
357.9107
359.9788
27.95508
0.8669291
0.1798924
0.6854385
357.9102
359.9818
27.95443
0.86677
0.1966439
0.7132447
357.9099
359.9846
27.95387
0.8666428
0.210889
0.737056
357.9095
359.9873
27.95304
0.8665031
0.2318726
0.772666
357.9091
359.9918
27.95238
0.8661217
0.2486881
0.7427254
357.9088
-0.004642102
27.95174
0.8658379
0.2650233
0.6562683
357.9087
-0.002100848
27.95143
0.8658068
0.2730941
0.6014747
357.9087
-0.001157163
27.95082
0.8659819
0.2891719
0.4822871
357.9086
0.0001828691
27.95052
0.8661694
0.2972159
0.4217895
357.9086
0.000623009
27.94992
0.866676
0.3133735
0.3059975
357.9086
0.001150579
